0 0.00598248
0.173386 -0.00437723
0.346773 -0.00509481
0.520159 -0.0121296
0.693545 -0.00858854
0.866932 -0.0170278
1.04032 -0.0152802
1.2137 -0.0194021
1.38709 -0.0207102
1.56048 -0.0203499
1.73386 -0.0350014
1.90725 -0.0224943
2.08064 -0.0281962
2.25402 -0.0270358
2.42741 -0.0216959
2.6008 -0.0203103
2.77418 -0.0205874
2.94757 -0.0258269
3.12095 -0.0199268
3.29434 -0.0267148
3.46773 -0.0135012
3.64111 -0.010314
3.8145 -0.0207796
3.98789 -0.00464969
4.16127 -0.00728251
4.33466 -0.000547196
4.50805 -0.000313013
4.68143 -0.00175074
4.85482 0.00256243
5.0282 -0.0019871
5.20159 0.00254985
5.37498 0.00022516
5.54836 -0.00634695
5.72175 -0.00200215
5.89514 0.000375352
6.06852 -0.00267444
6.24191 -0.00837965
6.4153 -0.00321437
6.58868 -0.00403735
6.76207 -0.0113136
6.93545 -0.0136234
7.10884 -0.0058488
7.28223 -0.00866441
7.45561 -0.00812291
7.629 -0.0207116
7.80239 -0.010985
7.97577 -0.0142396
8.14916 -0.0157008
8.32255 -0.0179838
8.49593 -0.0252776
8.66932 -0.0191904
8.8427 -0.0159098
9.01609 -0.0178966
9.18948 -0.0182236
9.36286 -0.0145208
9.53625 -0.0181258
9.70964 -0.00647082
9.88302 -0.00609859
10.0564 -0.0152303
10.2298 -0.018154
10.4032 -0.00732365
10.5766 -0.00450197
10.75 -0.00517013
10.9233 -0.0100624
11.0967 -0.0096048
11.2701 -0.00396898
11.4435 -0.0111411
11.6169 -0.00146485
11.7903 -0.00794643
11.9637 -0.00350721
12.137 -0.00590051
12.3104 -0.0110803
12.4838 -0.00653733
12.6572 -0.0135808
12.8306 -0.0108531
13.004 -0.00634212
13.1774 -0.0056483
13.3507 -0.00457442
13.5241 -0.00383978
13.6975 -0.011643
13.8709 -0.00370998
14.0443 -0.0120921
14.2177 -0.010529
14.3911 -0.00415854
14.5645 -0.00274106
14.7378 -0.00245314
14.9112 -0.00158755
15.0846 -0.0135624
15.258 -0.00728255
15.4314 -0.00168353
15.6048 -0.00728003
15.7782 -0.00811175
15.9515 -0.0052549
16.1249 -0.00307483
16.2983 -0.0170386
16.4717 -0.00276653
16.6451 -0.00576735
16.8185 -0.0171758
16.9919 -0.0108866
17.1652 -0.00225608
17.3386 -0.00382717
17.512 -0.0043839
17.6854 -0.00662728
17.8588 -0.0155725
18.0322 -0.0107099
18.2056 -0.00735834
18.379 -0.0124227
18.5523 -0.00571349
18.7257 -0.00460745
18.8991 -0.00221707
19.0725 -0.00678844
19.2459 -0.00766651
19.4193 -0.00513194
19.5927 -0.00704877
19.766 -0.00383116
19.9394 -0.0109459
20.1128 -0.00477297
20.2862 -0.00588696
20.4596 -0.00751186
20.633 -0.00780627
20.8064 -0.0168851
20.9797 -0.0117248
21.1531 -0.0134726
21.3265 -0.0211889
21.4999 -0.0245644
21.6733 -0.0178126
21.8467 -0.0121049
22.0201 -0.0177238
22.1935 -0.02273
22.3668 -0.0143215
22.5402 -0.0110518
22.7136 -0.0108824
22.887 -0.0227416
23.0604 -0.0121933
23.2338 -0.0246799
23.4072 -0.0139803
23.5805 -0.0223076
23.7539 -0.0153861
23.9273 -0.0226427
24.1007 -0.015389
24.2741 -0.0110541
24.4475 -0.0112118
24.6209 -0.017252
24.7942 -0.0137695
24.9676 -0.0211552
25.141 -0.00961183
25.3144 -0.0140953
25.4878 -0.00796562
25.6612 -0.00802207
25.8346 -0.0208011
26.008 -0.00696478
26.1813 -0.015
26.3547 -0.0184496
26.5281 -0.00841742
26.7015 -0.01358
26.8749 -0.0122705
27.0483 -0.008238
27.2217 -0.00871709
27.395 -0.00877634
27.5684 -0.00881316
27.7418 -0.0177032
27.9152 -0.00791087
28.0886 -0.0169072
28.262 -0.0116111
28.4354 -0.011758
28.6087 -0.0170569
28.7821 -0.0101537
28.9555 -0.00964579
29.1289 -0.0104321
29.3023 -0.0130962
29.4757 -0.0223156
29.6491 -0.0223979
29.8225 -0.00936172
29.9958 -0.00869071
30.1692 -0.0192007
30.3426 -0.0106453
30.516 -0.00662325
30.6894 -0.00829296
30.8628 -0.00623955
31.0362 -0.0172011
31.2095 -0.00612225
31.3829 -0.00471712
31.5563 -0.00884781
31.7297 -0.00326277
31.9031 -0.00387351
32.0765 -0.0144121
32.2499 -0.00490056
32.4232 -0.00480608
32.5966 -0.0163215
32.77 -0.00539657
32.9434 -0.00364885
33.1168 -0.012466
33.2902 -0.00328742
33.4636 -0.00960753
33.637 -0.00532803
33.8103 -0.00148776
33.9837 -0.00258564
34.1571 -0.00229996
34.3305 -0.0030351
34.5039 -0.00286199
34.6773 0.00141913
34.8507 0.000823092
35.024 -0.00219066
35.1974 -0.00770591
35.3708 -0.00955468
35.5442 -0.00497512
35.7176 -0.00415429
35.891 -0.00577654
36.0644 -0.00786069
36.2377 -0.00811676
36.4111 -0.010887
36.5845 -0.0114425
36.7579 -0.0120717
36.9313 -0.012494
37.1047 -0.0167283
37.2781 -0.014482
37.4515 -0.0190495
37.6248 -0.0165089
37.7982 -0.0136949
37.9716 -0.0171826
38.145 -0.0171985
38.3184 -0.0235642
38.4918 -0.0142762
38.6652 -0.0143903
38.8385 -0.00574651
39.0119 -0.00603326
39.1853 -0.0127471
39.3587 -0.0010105
39.5321 -0.0116634
39.7055 -0.00318775
39.8789 0.000453271
40.0522 -0.00886098
40.2256 -6.59161e-05
40.399 -0.000879678
40.5724 -6.79853e-05
40.7458 -0.0096253
40.9192 -0.00234822
41.0926 0.00183932
41.266 -0.00727176
41.4393 -0.00364391
41.6127 -0.00613646
41.7861 0.00050252
41.9595 -0.00727378
42.1329 -0.0109913
42.3063 -0.0142279
42.4797 -0.00440611
42.653 -0.00681332
42.8264 -0.00958197
42.9998 -0.0108314
43.1732 -0.0165418
43.3466 -0.00748537
43.52 -0.018575
43.6934 -0.00767763
43.8667 -0.00895162
44.0401 -0.0089387
44.2135 -0.0206866
44.3869 -0.00927502
44.5603 -0.00943881
44.7337 -0.011764
44.9071 -0.010494
45.0805 -0.00993743
45.2538 -0.0175818
45.4272 -0.0116425
45.6006 -0.00882645
45.774 -0.015741
45.9474 -0.0141564
46.1208 -0.00892616
46.2942 -0.0130426
46.4675 -0.00716062
46.6409 -0.00698057
46.8143 -0.00570357
46.9877 -0.00417058
47.1611 -0.00370419
47.3345 -0.0036859
47.5079 -0.00547201
47.6812 -0.00992981
47.8546 -0.00582712
48.028 -0.0116677
48.2014 -0.0123499
48.3748 -0.00360099
48.5482 -0.00984218
48.7216 -0.0191929
48.895 -0.00748091
49.0683 -0.0188943
49.2417 -0.0100754
49.4151 -0.0170838
49.5885 -0.00362917
49.7619 -0.0178192
49.9353 -0.00312754
50.1087 -0.00442035
50.282 -0.0161113
50.4554 -0.00984826
50.6288 -0.00409672
50.8022 -0.0146365
50.9756 -0.00501588
51.149 -0.0174787
51.3224 -0.010888
51.4957 -0.0114716
51.6691 -0.00594929
51.8425 -0.01724
52.0159 -0.00704718
52.1893 -0.015814
52.3627 -0.00634294
52.5361 -0.00692911
52.7095 -0.00790317
52.8828 -0.0059838
53.0562 -0.00716238
53.2296 -0.00828371
53.403 -0.0121885
53.5764 -0.00808822
53.7498 -0.00845139
53.9232 -0.0165484
54.0965 -0.0136017
54.2699 -0.00548931
54.4433 -0.00501226
54.6167 -0.0045898
54.7901 -0.0117762
54.9635 -0.0175545
55.1369 -0.0063967
55.3102 -0.00536957
55.4836 -0.0187326
55.657 -0.00635157
55.8304 -0.0149931
56.0038 -0.00788051
56.1772 -0.006819
56.3506 -0.00989396
56.524 -0.00563806
56.6973 -0.00386028
56.8707 -0.00328817
57.0441 -0.00146004
57.2175 -0.0134529
57.3909 -0.00568075
57.5643 -0.00359693
57.7377 -0.00370947
57.911 -0.000551849
58.0844 -0.00729048
58.2578 -0.0119299
58.4312 -0.00780441
58.6046 -0.00363948
58.778 -0.00892288
58.9514 -0.0118815
59.1247 -0.0166705
59.2981 -0.00743401
59.4715 -0.0227825
59.6449 -0.00746207
59.8183 -0.010699
59.9917 -0.00888842
60.1651 -0.0175006
60.3385 -0.0201766
60.5118 -0.0147125
60.6852 -0.0129409
60.8586 -0.00619382
61.032 -0.00652947
61.2054 -0.0125553
61.3788 -0.0187126
61.5522 -0.00583295
61.7255 -0.00734868
61.8989 -0.0127726
62.0723 -0.0107658
62.2457 -0.00789756
62.4191 -0.0148628
62.5925 -0.0144502
62.7659 -0.0114033
62.9392 -0.00842849
63.1126 -0.0209044
63.286 -0.0095949
63.4594 -0.012567
63.6328 -0.0184989
63.8062 -0.0195992
63.9796 -0.0113119
64.153 -0.0177044
64.3263 -0.0122996
64.4997 -0.0141871
64.6731 -0.0146042
64.8465 -0.0128133
65.0199 -0.00990363
65.1933 -0.00865145
65.3667 -0.00495557
65.54 -0.0166473
65.7134 -0.0151232
65.8868 -0.0104464
66.0602 -0.0133662
66.2336 -0.00942602
66.407 -0.0177819
66.5804 -0.0108816
66.7537 -0.00497264
66.9271 -0.00519482
67.1005 -0.0163471
67.2739 -0.0105395
67.4473 -0.009269
67.6207 -0.0149904
67.7941 -0.0165335
67.9675 -0.0190757
68.1408 -0.00682616
68.3142 -0.015314
68.4876 -0.00332605
68.661 -0.00202404
68.8344 -0.0133926
69.0078 -0.0100995
69.1812 -0.0019582
69.3545 -0.00240653
69.5279 -0.00199554
69.7013 -0.0113571
69.8747 -0.00905878
70.0481 -0.00466264
70.2215 -0.0172804
70.3949 -0.00672104
70.5682 -0.00561323
70.7416 -0.0107056
70.915 -0.00913229
71.0884 -0.00761889
71.2618 -0.0128421
71.4352 -0.0114219
71.6086 -0.0216003
71.782 -0.0199959
71.9553 -0.0112134
72.1287 -0.0161294
72.3021 -0.0151747
72.4755 -0.0133283
72.6489 -0.010962
72.8223 -0.0127728
72.9957 -0.0133026
73.169 -0.00880654
73.3424 -0.00964665
73.5158 -0.00713009
73.6892 -0.0127882
73.8626 -0.0107103
74.036 -0.00318443
74.2094 -0.00894783
74.3827 -0.0145692
74.5561 -0.00901627
74.7295 -0.00381182
74.9029 -0.00245648
75.0763 -0.00669908
75.2497 -0.00460007
75.4231 -0.0135747
75.5965 -0.00383644
75.7698 -0.00474398
75.9432 -0.00842012
76.1166 -0.00506525
76.29 -0.0126713
76.4634 -0.0102876
76.6368 -0.00743415
76.8102 -0.0113492
76.9835 -0.0106565
77.1569 -0.00820142
77.3303 -0.0072745
77.5037 -0.0154675
77.6771 -0.0057989
77.8505 -0.00692572
78.0239 -0.00808417
78.1972 -0.00745267
78.3706 -0.00634543
78.544 -0.00276677
78.7174 -0.0124096
78.8908 -0.00975158
79.0642 -0.0043025
79.2376 -0.00560238
79.411 -0.0107166
79.5843 -0.0139004
79.7577 -0.00716634
79.9311 -0.00574571
80.1045 -0.0119801
80.2779 -0.00537148
80.4513 -0.0101782
80.6247 -0.0172525
80.798 -0.00655011
80.9714 -0.00743916
81.1448 -0.018237
81.3182 -0.00890336
81.4916 -0.00397799
81.665 -0.00550782
81.8384 -0.00696925
82.0117 -0.0129005
82.1851 -0.00715906
82.3585 -0.00487713
82.5319 -0.0051177
82.7053 -0.0147556
82.8787 -0.00774968
83.0521 -0.00988516
83.2255 -0.00436106
83.3988 -0.0046972
83.5722 -0.00571093
83.7456 -0.00395136
83.919 -0.0041344
84.0924 -0.0118097
84.2658 -0.00222125
84.4392 -0.0122829
84.6125 -0.000891289
84.7859 -0.00461894
84.9593 -0.00167678
85.1327 -0.00678887
85.3061 -0.0107657
85.4795 -0.00931328
85.6529 -0.00912379
85.8262 -0.00323881
85.9996 -0.00343973
86.173 -0.011565
86.3464 -0.00646903
86.5198 -0.0111568
86.6932 -0.00947526
86.8666 -0.00822923
87.04 -0.0210401
87.2133 -0.00982547
87.3867 -0.0221449
87.5601 -0.0113258
87.7335 -0.0179326
87.9069 -0.0226074
88.0803 -0.0121544
88.2537 -0.0213285
88.427 -0.0126044
88.6004 -0.0214457
88.7738 -0.0154977
88.9472 -0.0195124
89.1206 -0.022288
89.294 -0.00808267
89.4674 -0.00804642
89.6407 -0.013497
89.8141 -0.0141051
89.9875 -0.00903913
90.1609 -0.0156371
90.3343 -0.00567899
90.5077 -0.0197628
90.6811 -0.00577055
90.8545 -0.00662752
91.0278 -0.00691612
91.2012 -0.0212911
91.3746 -0.0118993
91.548 -0.0135098
91.7214 -0.0110136
91.8948 -0.0177982
92.0682 -0.0151907
92.2415 -0.0195004
92.4149 -0.0263038
92.5883 -0.0219562
92.7617 -0.0220413
92.9351 -0.0106243
93.1085 -0.0106111
93.2819 -0.00952479
93.4552 -0.0168986
93.6286 -0.0120957
93.802 -0.0167429
93.9754 -0.00853545
94.1488 -0.0121618
94.3222 -0.0102874
94.4956 -0.019882
94.669 -0.00919992
94.8423 -0.00485098
95.0157 -0.00507759
95.1891 -0.00982557
95.3625 -0.0113028
95.5359 -0.00353501
95.7093 -0.00486776
95.8827 -0.00588271
96.056 -0.00385481
96.2294 -0.000846543
96.4028 -0.000219073
96.5762 -0.000431397
96.7496 -0.0107934
96.923 -0.0020513
97.0964 -0.00565896
97.2697 -0.00955023
97.4431 -0.00906419
97.6165 -0.00759154
97.7899 -0.00881581
97.9633 -0.0128793
98.1367 -0.0207182
98.3101 -0.015716
98.4835 -0.00482854
98.6568 -0.00891099
98.8302 -0.00926328
99.0036 -0.00476309
99.177 -0.0035692
99.3504 -0.00950808
99.5238 -0.00393568
99.6972 -0.0112433
99.8705 -0.00854871
100.044 -0.00438655
100.217 -0.0153367
100.391 -0.00503587
100.564 -0.00619054
100.737 -0.0126023
100.911 -0.00694459
101.084 -0.00962978
101.258 -0.00983594
101.431 -0.0132733
101.604 -0.0136742
101.778 -0.00754079
101.951 -0.0109712
102.125 -0.0132401
102.298 -0.00947362
102.471 -0.0149378
102.645 -0.00560515
102.818 -0.0123807
102.991 -0.00468542
103.165 -0.0112776
103.338 -0.0123462
103.512 -0.0137693
103.685 -0.0121488
103.858 -0.0154691
104.032 -0.0176383
104.205 -0.00730997
104.379 -0.0118666
104.552 -0.0110291
104.725 -0.015127
104.899 -0.00741947
105.072 -0.0120678
105.246 -0.00755489
105.419 -0.0160245
105.592 -0.00943044
105.766 -0.00998226
105.939 -0.015028
106.112 -0.00619573
106.286 -0.00653811
106.459 -0.0085424
106.633 -0.00986083
106.806 -0.00673753
106.979 -0.00665873
107.153 -0.00582158
107.326 -0.0139098
107.5 -0.0144961
107.673 -0.00377649
107.846 -0.00576052
108.02 -0.00501422
108.193 -0.00441341
108.366 -0.00378229
108.54 -0.0074086
108.713 -0.00960809
108.887 -0.00478087
109.06 -0.00789921
109.233 -0.00438454
109.407 -0.00850977
109.58 -0.00599056
109.754 -0.0110828
109.927 -0.0121774
110.1 -0.0111115
110.274 -0.00946395
110.447 -0.0216826
110.62 -0.0144743
110.794 -0.00994884
110.967 -0.0193151
111.141 -0.00958404
111.314 -0.00991312
111.487 -0.0183416
111.661 -0.0135325
111.834 -0.0153719
112.008 -0.0126101
112.181 -0.0120425
112.354 -0.00450699
112.528 -0.00476705
112.701 -0.00432842
112.875 -0.0111081
113.048 -0.0125782
113.221 -0.0127508
113.395 -0.0140588
113.568 -0.00359591
113.741 -0.0139184
113.915 -0.00487089
114.088 -0.00466158
114.262 -0.00616327
114.435 -0.00838382
114.608 -0.0136142
114.782 -0.0059201
114.955 -0.0092408
115.129 -0.0164506
115.302 -0.00622858
115.475 -0.00994833
115.649 -0.00519967
115.822 -0.00402856
115.995 -0.00275791
116.169 -0.00875644
116.342 -0.0024541
116.516 -0.00608078
116.689 -0.00131657
116.862 -0.00280458
117.036 -0.00898926
117.209 -0.00556752
117.383 -0.00825061
117.556 -0.00799344
117.729 -0.00895963
117.903 -0.0112538
118.076 -0.0221787
118.249 -0.0130841
118.423 -0.0183488
118.596 -0.00743574
118.77 -0.0119527
118.943 -0.0156858
119.116 -0.00750131
119.29 -0.00750783
119.463 -0.0110797
119.637 -0.00682327
119.81 -0.00720464
119.983 -0.00633494
120.157 -0.00535928
120.33 -0.00391439
120.504 -0.00311577
120.677 -0.00273508
120.85 -0.00338765
121.024 -0.00997902
121.197 -0.00363974
121.37 -0.00542989
121.544 -0.00588414
121.717 -0.0102359
121.891 -0.013637
122.064 -0.0180121
122.237 -0.0200731
122.411 -0.0120612
122.584 -0.0236193
122.758 -0.0114628
122.931 -0.0135811
123.104 -0.0227098
123.278 -0.0130003
123.451 -0.0220847
123.624 -0.00935038
123.798 -0.0211881
123.971 -0.0113542
124.145 -0.0162808
124.318 -0.0126595
124.491 -0.009988
124.665 -0.0114219
124.838 -0.00594787
125.012 -0.0170766
125.185 -0.00500385
125.358 -0.00384111
125.532 -0.00314675
125.705 -0.015466
125.878 -0.0104195
126.052 -0.00205997
126.225 -0.0121422
126.399 -0.00342036
126.572 -0.0147145
126.745 -0.00441346
126.919 -0.0057088
127.092 -0.00619874
127.266 -0.00433181
127.439 -0.00525981
127.612 -0.00945566
127.786 -0.00355742
127.959 -0.00416893
128.133 -0.0035122
128.306 -0.00646184
128.479 -0.0150185
128.653 -0.0172521
128.826 -0.0143578
128.999 -0.00844647
129.173 -0.00743602
129.346 -0.00535975
129.52 -0.00704367
129.693 -0.00870091
129.866 -0.0165861
130.04 -0.00642186
130.213 -0.00498815
130.387 -0.0111671
130.56 -0.00723718
130.733 -0.0086095
130.907 -0.00551624
131.08 -0.00759373
131.253 -0.00455987
131.427 -0.00665065
131.6 -0.00965917
131.774 -0.00676162
131.947 -0.00524748
132.12 -0.00764533
132.294 -0.00830306
132.467 -0.00408995
132.641 -0.0104873
132.814 -0.0155929
132.987 -0.00494236
133.161 -0.0101876
133.334 -0.00485907
133.507 -0.0164785
133.681 -0.00732464
133.854 -0.00962739
134.028 -0.0194119
134.201 -0.017628
134.374 -0.0041705
134.548 -0.00350752
134.721 -0.00434725
134.895 -0.00444398
135.068 -0.0022963
135.241 -0.00128859
135.415 -0.00919416
135.588 -0.00483163
135.762 -0.00353161
135.935 -0.00336343
136.108 -0.00432703
136.282 -0.0168947
136.455 -0.00432662
136.628 -0.00491827
136.802 -0.00757924
136.975 -0.0109808
137.149 -0.00381865
137.322 -0.00417438
137.495 -0.0135293
137.669 -0.00495285
137.842 -0.00758176
138.016 -0.00329073
138.189 -0.00218371
138.362 -0.00639217
138.536 -0.00510917
138.709 -0.0165469
138.882 -0.00645616
139.056 -0.0117813
139.229 -0.00390949
139.403 -0.0176404
139.576 -0.0175616
139.749 -0.00622841
139.923 -0.0196511
140.096 -0.0218967
140.27 -0.0102063
140.443 -0.0107902
140.616 -0.0148273
140.79 -0.0137225
140.963 -0.00613084
141.136 -0.0109728
141.31 -0.00737817
141.483 -0.00811261
141.657 -0.00481529
141.83 -0.0130971
142.003 -0.00751606
142.177 -0.0113742
142.35 -0.0150119
142.524 -0.00538359
142.697 -0.00599537
142.87 -0.018665
143.044 -0.00700543
143.217 -0.0186347
143.391 -0.00905712
143.564 -0.0124166
143.737 -0.0123855
143.911 -0.0135732
144.084 -0.00683973
144.257 -0.0123901
144.431 -0.0131869
144.604 -0.0155298
144.778 -0.00614448
144.951 -0.00741277
145.124 -0.0177503
145.298 -0.0155393
145.471 -0.0146384
145.645 -0.0152542
145.818 -0.00795069
145.991 -0.00912481
146.165 -0.00769402
146.338 -0.0105052
146.511 -0.00990255
146.685 -0.00762929
146.858 -0.00747665
147.032 -0.0157864
147.205 -0.0157555
147.378 -0.0113948
147.552 -0.0127995
147.725 -0.00909697
147.899 -0.0131026
148.072 -0.0139437
148.245 -0.00806716
148.419 -0.0146801
148.592 -0.00714783
148.765 -0.00731202
148.939 -0.00449367
149.112 -0.0154862
149.286 -0.0076428
149.459 -0.00582284
149.632 -0.00303833
149.806 -0.00136415
149.979 -0.00079981
150.153 -0.00361585
150.326 -0.00385776
150.499 -0.00297368
150.673 -0.00712941
150.846 -0.00292141
151.02 -0.00204303
151.193 -0.00402444
151.366 -0.00903512
151.54 -0.00412183
151.713 -0.00622043
151.886 -0.00341562
152.06 -0.00751606
152.233 -0.00862954
152.407 -0.00859353
152.58 -0.0105405
152.753 -0.0101299
152.927 -0.0171467
153.1 -0.00928824
153.274 -0.0112117
153.447 -0.0119334
153.62 -0.0183467
153.794 -0.0150506
153.967 -0.0217071
154.14 -0.0145286
154.314 -0.0147902
154.487 -0.016362
154.661 -0.0112469
154.834 -0.0094719
155.007 -0.0109622
155.181 -0.0138114
155.354 -0.00845921
155.528 -0.00771154
155.701 -0.00628728
155.874 -0.0149492
156.048 -0.0188499
156.221 -0.00903173
156.394 -0.00614306
156.568 -0.00589003
156.741 -0.0055505
156.915 -0.00853687
157.088 -0.0075791
157.261 -0.00800639
157.435 -0.0079112
157.608 -0.0157972
157.782 -0.0124297
157.955 -0.0179974
158.128 -0.0181881
158.302 -0.00991739
158.475 -0.0104284
158.649 -0.0207961
158.822 -0.0229964
158.995 -0.00975935
159.169 -0.0119515
159.342 -0.0159225
159.515 -0.00732873
159.689 -0.00732131
159.862 -0.0125098
160.036 -0.00794887
160.209 -0.00945448
160.382 -0.0183756
160.556 -0.00667286
160.729 -0.00948559
160.903 -0.00801868
161.076 -0.0121825
161.249 -0.0155404
161.423 -0.0163985
161.596 -0.0129435
161.769 -0.00825268
161.943 -0.00954724
162.116 -0.0158227
162.29 -0.0105054
162.463 -0.0205124
162.636 -0.0112805
162.81 -0.0110487
162.983 -0.0145441
163.157 -0.00910495
163.33 -0.0105008
163.503 -0.00892208
163.677 -0.00803239
163.85 -0.0149757
164.023 -0.0051984
164.197 -0.0141624
164.37 -0.0114597
164.544 -0.0144483
164.717 -0.00387861
164.89 -0.0129513
165.064 -0.0105421
165.237 -0.00953108
165.411 -0.011098
165.584 -0.0107308
165.757 -0.0216573
165.931 -0.00779278
166.104 -0.00986014
166.278 -0.0129521
166.451 -0.00940538
166.624 -0.0089276
166.798 -0.00859021
166.971 -0.00742703
167.144 -0.00750939
167.318 -0.0084535
167.491 -0.00779097
167.665 -0.0128407
167.838 -0.00999311
168.011 -0.014386
168.185 -0.0122364
168.358 -0.0116166
168.532 -0.0152102
168.705 -0.0112994
168.878 -0.0112136
169.052 -0.00951692
169.225 -0.0103602
169.398 -0.0199782
169.572 -0.0111616
169.745 -0.0154705
169.919 -0.0196294
170.092 -0.0138759
170.265 -0.0112388
170.439 -0.0100163
170.612 -0.0211786
170.786 -0.0135399
170.959 -0.00991112
171.132 -0.0223587
171.306 -0.0115465
171.479 -0.0139915
171.652 -0.0096755
171.826 -0.0134485
171.999 -0.0120407
172.173 -0.00841024
172.346 -0.0131618
172.519 -0.011758
172.693 -0.00616981
172.866 -0.00626691
173.04 -0.00540437
173.213 -0.00663403
173.386 -0.0147381
173.56 -0.00613712
173.733 -0.00481465
173.907 -0.00456581
174.08 -0.00422146
174.253 -0.0122174
174.427 -0.0150014
174.6 -0.00862049
174.773 -0.00147911
174.947 -0.00600504
175.12 -0.0175602
175.294 -0.00989865
175.467 -0.00239367
175.64 -0.00156032
175.814 -0.0145595
175.987 -0.00154241
176.161 -0.00152332
176.334 -0.000397478
176.507 -0.00581506
176.681 -0.0135187
176.854 -0.0165932
177.027 -0.00385273
177.201 -0.00751877
177.374 -0.0046529
177.548 -0.00478472
177.721 -0.00976971
177.894 -0.0122278
178.068 -0.00752358
178.241 -0.0137876
178.415 -0.00903028
178.588 -0.0128051
178.761 -0.0169073
178.935 -0.0107467
179.108 -0.0109096
179.281 -0.011905
179.455 -0.0141701
179.628 -0.0146272
179.802 -0.0169943
179.975 -0.0176418
180.148 -0.0279423
180.322 -0.0176358
180.495 -0.0143495
180.669 -0.0235069
180.842 -0.0162803
181.015 -0.014293
181.189 -0.0144233
181.362 -0.016111
181.536 -0.0139701
181.709 -0.0177681
181.882 -0.0231738
182.056 -0.0196104
182.229 -0.0101545
182.402 -0.00871498
182.576 -0.00969842
182.749 -0.00918514
182.923 -0.00950765
183.096 -0.00887611
183.269 -0.0117117
183.443 -0.0135244
183.616 -0.0127478
183.79 -0.0196584
183.963 -0.0167412
184.136 -0.0134186
184.31 -0.00810105
184.483 -0.0148478
184.656 -0.00758505
184.83 -0.00720956
185.003 -0.0116206
185.177 -0.0112225
185.35 -0.00605858
185.523 -0.00572617
185.697 -0.00996058
185.87 -0.00343837
186.044 -0.00823688
186.217 -0.0165807
186.39 -0.00297389
186.564 -0.0150914
186.737 -0.00287272
186.91 -0.00949914
187.084 -0.00254733
187.257 -0.00228628
187.431 -0.0130419
187.604 -0.0121543
187.777 -0.00149468
187.951 -0.00610731
188.124 -0.00987267
188.298 -0.00421763
188.471 -0.00261143
188.644 -0.0043523
188.818 -0.00443477
188.991 -0.0155276
189.165 -0.00257113
189.338 -0.00221217
189.511 -0.0136999
189.685 -0.00644806
189.858 -0.00328815
190.031 -0.0161631
190.205 -0.00665164
190.378 -0.00783405
190.552 -0.0216145
190.725 -0.0167848
190.898 -0.0119469
191.072 -0.0232829
191.245 -0.0233352
191.419 -0.0271988
191.592 -0.0160512
191.765 -0.0162812
191.939 -0.0145934
192.112 -0.0167655
192.285 -0.0163993
192.459 -0.014072
192.632 -0.0166007
192.806 -0.0161259
192.979 -0.0115823
193.152 -0.00999493
193.326 -0.00932493
193.499 -0.0120959
193.673 -0.0104134
193.846 -0.0154192
194.019 -0.00928877
194.193 -0.00576066
194.366 -0.0073912
194.539 -0.00716123
194.713 -0.00540471
194.886 -0.00293775
195.06 -0.00593713
195.233 -0.00202559
195.406 -0.0051322
195.58 -0.000754353
195.753 -0.00810776
195.927 -0.00150085
196.1 -0.00127799
196.273 -0.00193992
196.447 -0.0110412
196.62 -0.0111061
196.794 -0.011081
196.967 -0.0165994
197.14 -0.00802511
197.314 -0.0126258
197.487 -0.0086582
197.66 -0.0177067
197.834 -0.0250978
198.007 -0.0202979
198.181 -0.0133961
198.354 -0.0209547
198.527 -0.0227684
198.701 -0.0231555
198.874 -0.0169853
199.048 -0.018205
199.221 -0.00555433
199.394 -0.00538734
199.568 -0.0037129
199.741 -0.0152747
199.914 -0.00614248
200.088 -0.0052963
200.261 -0.00501681
200.435 -0.0032882
200.608 -0.00382618
200.781 -0.00295084
200.955 -0.0151703
201.128 -0.0082616
201.302 -0.0057475
201.475 -0.00488687
201.648 -0.0135136
201.822 -0.00300855
201.995 -0.00947202
202.168 -0.00298416
202.342 -0.010302
202.515 -0.002496
202.689 -0.0125483
202.862 -0.00756785
203.035 -0.0155034
203.209 -0.00407959
203.382 -0.00966058
203.556 -0.0209742
203.729 -0.0142822
203.902 -0.0136075
204.076 -0.00850204
204.249 -0.0115033
204.423 -0.0196462
204.596 -0.0156425
204.769 -0.0107414
204.943 -0.0167494
205.116 -0.0181518
205.289 -0.020099
205.463 -0.0209797
205.636 -0.0196532
205.81 -0.0238712
205.983 -0.0241062
206.156 -0.0185742
206.33 -0.016161
206.503 -0.0122155
206.677 -0.00798498
206.85 -0.0128711
207.023 -0.0105108
207.197 -0.0132848
207.37 -0.00377729
207.543 -0.00423627
207.717 -0.00318823
207.89 -0.00377306
208.064 -0.00272537
208.237 -0.0156541
208.41 -0.00487797
208.584 -0.013554
208.757 -0.00290684
208.931 -0.00286388
209.104 -0.0152753
209.277 -0.00539227
209.451 -0.017666
209.624 -0.0115506
209.797 -0.0165023
209.971 -0.00405223
210.144 -0.00615535
210.318 -0.0105066
210.491 -0.00951196
210.664 -0.00975321
210.838 -0.00896823
211.011 -0.0204799
211.185 -0.0108986
211.358 -0.0151831
211.531 -0.0191449
211.705 -0.0122065
211.878 -0.010691
212.052 -0.0199867
212.225 -0.0176536
212.398 -0.00585736
212.572 -0.0101267
212.745 -0.00633134
212.918 -0.00402157
213.092 -0.0038739
213.265 -0.00321821
213.439 -0.0180689
213.612 -0.00374505
213.785 -0.0036047
213.959 -0.00734249
214.132 -0.00433663
214.306 -0.00531732
214.479 -0.0156794
214.652 -0.00461782
214.826 -0.0175111
214.999 -0.00568434
215.172 -0.00948572
215.346 -0.0137145
215.519 -0.00822867
215.693 -0.0177207
215.866 -0.0176591
216.039 -0.00709007
216.213 -0.0170828
216.386 -0.0166195
216.56 -0.0109358
216.733 -0.00836635
216.906 -0.0104488
217.08 -0.0118086
217.253 -0.0107976
217.426 -0.0111157
217.6 -0.0132598
217.773 -0.020822
217.947 -0.0106602
218.12 -0.0118057
218.293 -0.00908472
218.467 -0.00889362
218.64 -0.0116823
218.814 -0.00889164
218.987 -0.00858521
219.16 -0.0178199
219.334 -0.0130189
219.507 -0.00914868
219.681 -0.0207381
219.854 -0.00799227
220.027 -0.016165
220.201 -0.018418
220.374 -0.00729004
220.547 -0.00769798
220.721 -0.00981409
220.894 -0.0119796
221.068 -0.0032928
221.241 -0.0170858
221.414 -0.00512879
221.588 -0.00752248
221.761 -0.00847578
221.935 -0.00505545
222.108 -0.0140574
222.281 -0.00989502
222.455 -0.00776486
222.628 -0.00679804
222.801 -0.0102011
222.975 -0.00130368
223.148 -0.00229872
223.322 -0.00140346
223.495 -0.00882862
223.668 -0.0163675
223.842 -0.00323133
224.015 -0.00286365
224.189 -0.00519534
224.362 -0.0118719
224.535 -0.0176218
224.709 -0.0101203
224.882 -0.00579692
225.055 -0.0218754
225.229 -0.0130542
225.402 -0.00927981
225.576 -0.0128526
225.749 -0.0184041
225.922 -0.0126616
226.096 -0.0114171
226.269 -0.014856
226.443 -0.0116587
226.616 -0.0120669
226.789 -0.012356
226.963 -0.0111111
227.136 -0.0128058
227.31 -0.0167854
227.483 -0.0114954
227.656 -0.00903132
227.83 -0.00892865
228.003 -0.00827463
228.176 -0.00718135
228.35 -0.0149897
228.523 -0.00477713
228.697 -0.0109434
228.87 -0.00813791
229.043 -0.00764185
229.217 -0.00787318
229.39 -0.0040519
229.564 -0.00663445
229.737 -0.0159819
229.91 -0.00870464
230.084 -0.00610043
230.257 -0.00669397
230.43 -0.0187055
230.604 -0.0076943
230.777 -0.00977532
230.951 -0.00735038
231.124 -0.0122325
231.297 -0.0195407
231.471 -0.00813023
231.644 -0.0099438
231.818 -0.0165729
231.991 -0.020762
232.164 -0.0106971
232.338 -0.0108509
232.511 -0.0199439
232.684 -0.0104779
232.858 -0.00991641
233.031 -0.00758001
233.205 -0.00844744
233.378 -0.00637968
233.551 -0.019407
233.725 -0.00550841
233.898 -0.00558289
234.072 -0.00651504
234.245 -0.00380081
234.418 -0.0052476
234.592 -0.00670424
234.765 -0.00680884
234.939 -0.00259224
235.112 -0.00948028
235.285 -0.00383273
235.459 -0.0125904
235.632 -0.0038881
235.805 -0.0176691
235.979 -0.00474999
236.152 -0.00383103
236.326 -0.00753591
236.499 -0.013319
236.672 -0.0160115
236.846 -0.0221132
237.019 -0.00732293
237.193 -0.00677992
237.366 -0.0101958
237.539 -0.00713283
237.713 -0.00805318
237.886 -0.00890591
238.059 -0.00858512
238.233 -0.0167354
238.406 -0.00741303
238.58 -0.0162811
238.753 -0.00814134
238.926 -0.0193808
239.1 -0.0142034
239.273 -0.00794646
239.447 -0.00685578
239.62 -0.0153077
239.793 -0.00499344
239.967 -0.00193238
240.14 -0.0158565
240.313 -0.0062713
240.487 -0.00112317
240.66 -0.0133742
240.834 -0.00282997
241.007 -0.0023235
241.18 -0.0130195
241.354 -0.0049909
241.527 -0.00331083
241.701 -0.00103825
241.874 -0.00857889
242.047 -0.00471381
242.221 -0.00439894
242.394 -0.00689623
242.568 -0.000961907
242.741 -0.00309899
242.914 -0.0154781
243.088 -0.00455783
243.261 -0.0129371
243.434 -0.0151589
243.608 -0.0204334
243.781 -0.0192044
243.955 -0.011357
244.128 -0.00990074
244.301 -0.00755351
244.475 -0.00882631
244.648 -0.0200917
244.822 -0.00829492
244.995 -0.0078831
245.168 -0.0078456
245.342 -0.00896521
245.515 -0.00634931
245.688 -0.011746
245.862 -0.0117239
246.035 -0.00828902
246.209 -0.0106282
246.382 -0.00735433
246.555 -0.0194351
246.729 -0.00856532
246.902 -0.0180574
247.076 -0.0144831
247.249 -0.00340851
247.422 -0.0135567
247.596 -0.0148136
247.769 -0.00625181
247.942 -0.0033475
248.116 -0.00651968
248.289 -0.00269378
248.463 -0.0105139
248.636 -0.00479262
248.809 -0.00346101
248.983 -0.00419818
249.156 -0.0114035
249.33 -0.00472181
249.503 -0.0129619
249.676 -0.0129957
249.85 -0.011929
250.023 -0.00964666
250.197 -0.0139427
250.37 -0.0134354
250.543 -0.00795365
250.717 -0.0153954
250.89 -0.00838593
251.063 -0.00609777
251.237 -0.00647249
251.41 -0.00692285
251.584 -0.00781021
251.757 -0.00494371
251.93 -0.00483541
252.104 -0.00759405
252.277 -0.00321616
252.451 -0.000777236
252.624 -0.00652231
252.797 -0.000389191
252.971 -0.0010969
253.144 -0.00570979
253.317 -0.0115965
253.491 -0.00094003
253.664 -0.00300684
253.838 -0.0130851
254.011 -0.00197499
254.184 -0.00241873
254.358 -0.00665906
254.531 -0.00329879
254.705 -0.00616217
254.878 -0.00590661
255.051 -0.0136761
255.225 -0.0203088
255.398 -0.0070914
255.571 -0.0193406
255.745 -0.00830317
255.918 -0.0101859
256.092 -0.00865938
256.265 -0.00893511
256.438 -0.00832968
256.612 -0.013328
256.785 -0.0149999
256.959 -0.00830369
257.132 -0.00772928
257.305 -0.00663496
257.479 -0.0113323
257.652 -0.0172847
257.826 -0.00568255
257.999 -0.00473736
258.172 -0.0172531
258.346 -0.0176182
258.519 -0.017813
258.692 -0.0070726
258.866 -0.0108782
259.039 -0.0092885
259.213 -0.00875974
259.386 -0.0118804
259.559 -0.0112711
259.733 -0.0190721
259.906 -0.00459109
260.08 -0.0109637
260.253 -0.0173723
260.426 -0.00523079
260.6 -0.0135349
260.773 -0.0108624
260.946 -0.0151877
261.12 -0.00632331
261.293 -0.00994955
261.467 -0.00729151
261.64 -0.0122496
261.813 -0.0189302
261.987 -0.0171864
262.16 -0.00587221
262.334 -0.00687472
262.507 -0.00618033
262.68 -0.0123809
262.854 -0.0050874
263.027 -0.00621222
263.2 -0.00283066
263.374 -0.00334911
263.547 -0.0018346
263.721 -0.00314215
263.894 -0.0124266
264.067 -0.0151813
264.241 -0.00170617
264.414 -0.00472455
264.588 -0.0033504
264.761 -0.00519591
264.934 -0.00403098
265.108 -0.0152891
265.281 -0.0106495
265.455 -0.0170897
265.628 -0.01613
265.801 -0.00365767
265.975 -0.00410451
266.148 -0.00300194
266.321 -0.0132546
266.495 -0.0116137
266.668 -0.0144223
266.842 -0.00279653
267.015 -0.00964583
267.188 -0.00558692
267.362 -0.00236167
267.535 -0.0129106
267.709 -0.00337471
267.882 -0.0144423
268.055 -0.00629744
268.229 -0.0127641
268.402 -0.0132848
268.575 -0.00327579
268.749 -0.00525264
268.922 -0.00840964
269.096 -0.00967519
269.269 -0.00262308
269.442 -0.00556297
269.616 -0.00332412
269.789 -0.0101997
269.963 -0.013191
270.136 -0.00741901
270.309 -0.0111079
270.483 -0.00904293
270.656 -0.00869285
270.829 -0.00656117
271.003 -0.00296546
271.176 -0.0054064
271.35 -0.00284397
271.523 -0.00550744
271.696 -0.00740743
271.87 -0.0170585
272.043 -0.00292959
272.217 -0.0065046
272.39 -0.00563049
272.563 -0.00755784
272.737 -0.0102507
272.91 -0.00797212
273.084 -0.00708736
273.257 -0.00751067
273.43 -0.0121648
273.604 -0.00998654
273.777 -0.0134031
273.95 -0.0133081
274.124 -0.0102983
274.297 -0.0118056
274.471 -0.0101685
274.644 -0.0220851
274.817 -0.0122704
274.991 -0.0108727
275.164 -0.0161814
275.338 -0.0100928
275.511 -0.0169218
275.684 -0.0136218
275.858 -0.0108064
276.031 -0.0147513
276.204 -0.00802347
276.378 -0.0134508
276.551 -0.0091283
276.725 -0.0108479
276.898 -0.0109899
277.071 -0.0148411
277.245 -0.0117069
277.418 -0.010235
277.592 -0.0024067
277.765 -0.00630876
277.938 -0.00394157
278.112 -0.00323008
278.285 0.000901982
278.458 -0.00364285
278.632 -0.000525227
278.805 -0.00746393
278.979 -0.00529423
279.152 -0.0146671
279.325 -0.0131992
279.499 -0.00808046
279.672 -0.00952819
279.846 -0.00732789
280.019 -0.00997905
280.192 -0.00674982
280.366 -0.011607
280.539 -0.00789857
280.713 -0.0105466
280.886 -0.0140753
281.059 -0.0100391
281.233 -0.0128343
281.406 -0.0110068
281.579 -0.0195123
281.753 -0.0199798
281.926 -0.0184933
282.1 -0.010029
282.273 -0.0121909
282.446 -0.0173988
282.62 -0.00977386
282.793 -0.0149549
282.967 -0.0081458
283.14 -0.00992913
283.313 -0.00856631
283.487 -0.0094612
283.66 -0.00986831
283.833 -0.00714111
284.007 -0.0185792
284.18 -0.0218185
284.354 -0.0188021
284.527 -0.0091188
284.7 -0.0161142
284.874 -0.00925582
285.047 -0.0166842
285.221 -0.00908086
285.394 -0.00639619
285.567 -0.0121768
285.741 -0.018305
285.914 -0.0158696
286.087 -0.00536084
286.261 -0.00691531
286.434 -0.00694042
286.608 -0.00739256
286.781 -0.0063262
286.954 -0.0188818
287.128 -0.00635783
287.301 -0.00689291
287.475 -0.00539616
287.648 -0.0161776
287.821 -0.00629032
287.995 -0.0032291
288.168 -0.00854907
288.342 -0.000546764
288.515 -0.0138872
288.688 -0.00312269
288.862 -0.00381421
289.035 0.00100929
289.208 -0.00854637
289.382 0.000378158
289.555 -0.00106271
289.729 -0.00129508
289.902 -0.00518534
290.075 -0.00515428
290.249 -0.00475012
290.422 -0.0145871
290.596 -0.00666653
290.769 -0.00323825
290.942 -0.00334415
291.116 -0.00435801
291.289 -0.00670759
291.462 -0.0160877
291.636 -0.00939077
291.809 -0.0099908
291.983 -0.0113922
292.156 -0.0132947
292.329 -0.0164422
292.503 -0.0127354
292.676 -0.0248828
292.85 -0.0214862
293.023 -0.0110993
293.196 -0.0237549
293.37 -0.0153742
293.543 -0.00746976
293.716 -0.0076462
293.89 -0.00709273
294.063 -0.0150218
294.237 -0.011907
294.41 -0.00505295
294.583 -0.00150699
294.757 -0.000582695
294.93 -0.00128907
295.104 -0.00659959
295.277 -0.00193291
295.45 -0.0133385
295.624 -0.00315297
295.797 -0.002635
295.971 -0.00335526
296.144 -0.00297337
296.317 -0.00824157
296.491 -0.0060401
296.664 -0.00533097
296.837 -0.0147326
297.011 -0.0044559
297.184 -0.00962719
297.358 -0.00438438
297.531 -0.0148156
297.704 -0.00462576
297.878 -0.00946235
298.051 -0.00957939
298.225 -0.00493441
298.398 -0.0182633
298.571 -0.0209629
298.745 -0.00863777
298.918 -0.0107722
299.091 -0.00882167
299.265 -0.01585
299.438 -0.00992547
299.612 -0.0115206
299.785 -0.0157261
299.958 -0.0137475
300.132 -0.00993177
