0   0
0.113206   0.00295285
0.226412   -0.00190244
0.339618   -4.49356e-05
0.452824   -0.0296061
0.56603   -0.0292909
0.679236   -0.0113566
0.792443   -0.0145852
0.905649   -0.00754643
1.01885   -0.00900973
1.13206   -0.014635
1.24527   0.00119894
1.35847   0.00315897
1.47168   -0.00456196
1.58489   -0.000606386
1.69809   0.00348743
1.8113   0.00611387
1.9245   -0.00236585
2.03771   -0.0247609
2.15092   0.00546998
2.26412   0.000113433
2.37733   -0.00856259
2.49053   0.0020082
2.60374   0.00380936
2.71695   -0.0157388
2.83015   0.00676077
2.94336   0.0101491
3.05656   0.0114683
3.16977   -0.0028571
3.28298   0.0109805
3.39618   0.00803502
3.50939   0.00333999
3.62259   -0.0108556
3.7358   -0.00913448
3.84901   -0.016996
3.96221   0.0112571
4.07542   0.0120891
4.18862   0.000961055
4.30183   -0.00583442
4.41504   0.00620242
4.52824   0.0112251
4.64145   -0.0111457
4.75466   0.0104318
4.86786   -0.0114478
4.98107   -0.0119228
5.09427   -0.0262078
5.20748   -0.00294645
5.32069   -0.0190644
5.43389   0.00839173
5.5471   0.0126114
5.6603   0.00470718
5.77351   0.00732749
5.88672   0.0141137
5.99992   0.00192632
6.11313   0.0147624
6.22633   -0.00135086
6.33954   -0.0194633
6.45275   0.0133732
6.56595   0.0142736
6.67916   -0.0162235
6.79236   -0.0160337
6.90557   -0.0100734
7.01878   2.73263e-05
7.13198   -0.000510786
7.24519   0.0098627
7.3584   0.0122553
7.4716   0.00817574
7.58481   0.0112402
7.69801   0.000205248
7.81122   0.0110445
7.92443   0.0130621
8.03763   0.0130911
8.15084   -0.0114977
8.26404   0.0107325
8.37725   -0.0218569
8.49046   0.0113647
8.60366   0.00732254
8.71687   -0.00906089
8.83007   -0.0214639
8.94328   -0.00469833
9.05649   -0.0263069
9.16969   -0.00762726
9.2829   -0.000404863
9.3961   -0.0257297
9.50931   9.98728e-05
9.62252   -0.0181167
9.73572   -0.0190718
9.84893   0.00368634
9.96214   0.0121569
10.0753   0.00924345
10.1885   0.0067245
10.3018   0.00203844
10.415   0.00967532
10.5282   0.0145234
10.6414   -0.0182669
10.7546   -0.019532
10.8678   0.00895497
10.981   -0.0115568
11.0942   0.00160959
11.2074   -0.0182252
11.3206   0.0124332
11.4338   0.0133305
11.547   -0.0151362
11.6602   0.0120257
11.7734   -0.00142028
11.8866   0.0190834
11.9998   -0.00324342
12.1131   0.0113988
12.2263   0.0186816
12.3395   1.56107e-05
12.4527   0.0193605
12.5659   0.00805087
12.6791   0.0189428
12.7923   -0.00601364
12.9055   0.0157594
13.0187   0.0165923
13.1319   0.0168275
13.2451   -0.0164524
13.3583   0.0146377
13.4715   0.0119862
13.5847   0.00138069
13.6979   -0.0179329
13.8111   0.010267
13.9243   -0.00928285
14.0376   0.00768491
14.1508   -0.0254789
14.264   -0.0208467
14.3772   0.00375567
14.4904   0.00469519
14.6036   -0.0235757
14.7168   0.00197023
14.83   0.00034353
14.9432   0.00766283
15.0564   0.00828497
15.1696   -0.0041791
15.2828   0.00337363
15.396   -0.00875105
15.5092   -0.000235104
15.6224   0.00690591
15.7356   -0.015066
15.8489   0.0076366
15.9621   0.00762613
16.0753   -0.0097231
16.1885   0.00678114
16.3017   0.00301246
16.4149   0.00687223
16.5281   0.00920292
16.6413   0.00312233
16.7545   0.00263364
16.8677   0.0075097
16.9809   0.0088782
17.0941   0.00462821
17.2073   -0.0268024
17.3205   0.000399664
17.4337   -0.00761554
17.5469   -0.0268046
17.6601   0.00260636
17.7734   -0.0241722
17.8866   0.00533909
17.9998   0.0069864
18.113   -0.00432512
18.2262   -0.0230667
18.3394   -0.0117763
18.4526   0.00645575
18.5658   0.00959382
18.679   0.00113754
18.7922   -0.0265722
18.9054   0.00952153
19.0186   0.011594
19.1318   0.00183203
19.245   -0.0178411
19.3582   0.0122577
19.4714   -0.0120342
19.5847   0.00366072
19.6979   0.00789191
19.8111   -1.48879e-05
19.9243   0.0121131
20.0375   0.0131647
20.1507   -0.00395641
20.2639   0.00591508
20.3771   -0.016997
20.4903   0.0145002
20.6035   0.0115021
20.7167   0.0150483
20.8299   -2.42943e-05
20.9431   0.00128857
21.0563   0.0110996
21.1695   -0.00126425
21.2827   0.00417523
21.3959   -0.000667265
21.5092   -0.0100821
21.6224   0.010872
21.7356   -0.000722183
21.8488   -0.000888266
21.962   0.0102549
22.0752   0.00533875
22.1884   0.00776186
22.3016   0.00551124
22.4148   -0.00583369
22.528   0.00681057
22.6412   0.00398543
22.7544   0.00536244
22.8676   0.00775518
22.9808   -0.0155763
23.094   -6.06219e-05
23.2072   -0.0171769
23.3205   -0.0204014
23.4337   0.00165445
23.5469   0.00528884
23.6601   0.00532066
23.7733   0.00123854
23.8865   -0.0028557
23.9997   -0.00190713
24.1129   0.0066708
24.2261   0.00115892
24.3393   -0.00050538
24.4525   -0.00249152
24.5657   0.00702969
24.6789   0.0053434
24.7921   0.00216046
24.9053   0.00138838
25.0185   -0.00558239
25.1317   -0.0200396
25.245   0.00510114
25.3582   0.00564643
25.4714   0.000865903
25.5846   0.00140721
25.6978   0.00118558
25.811   0.0069061
25.9242   -0.0164992
26.0374   0.00559617
26.1506   0.00686984
26.2638   0.00169996
26.377   -0.000535396
26.4902   0.0069226
26.6034   0.00383206
26.7166   -0.0261879
26.8298   -0.0234558
26.943   -0.00859641
27.0563   0.00322393
27.1695   0.00623053
27.2827   0.00184031
27.3959   -0.00781132
27.5091   0.0064506
27.6223   -0.0121775
27.7355   -0.00776018
27.8487   0.00611403
27.9619   0.00881003
28.0751   4.20397e-05
28.1883   0.00626478
28.3015   -0.0215492
28.4147   -0.00230208
28.5279   0.000856554
28.6411   -0.0164032
28.7543   -0.0122362
28.8676   0.0103015
28.9808   0.00375784
29.094   -0.00339971
29.2072   0.00314682
29.3204   0.0081162
29.4336   -0.00411614
29.5468   0.0109529
29.66   0.00318757
29.7732   0.000123094
29.8864   0.0021951
29.9996   0.0017567
30.1128   -0.011236
30.226   0.00396665
30.3392   0.0122319
30.4524   -0.00999863
30.5656   -0.00490202
30.6788   -0.00382839
30.7921   0.0116892
30.9053   -0.00521193
31.0185   -0.0085406
31.1317   -0.0177145
31.2449   0.0125518
31.3581   -0.00585235
31.4713   -0.0176698
31.5845   0.0113355
31.6977   0.00457221
31.8109   -0.00304287
31.9241   0.000366918
32.0373   -0.0206824
32.1505   -0.00362494
32.2637   0.0142306
32.3769   0.0126825
32.4901   0.0143591
32.6034   0.00711103
32.7166   0.0131147
32.8298   0.0161557
32.943   0.0149463
33.0562   0.0117657
33.1694   0.0117872
33.2826   0.0148766
33.3958   -0.00742446
33.509   0.0121145
33.6222   0.0115616
33.7354   0.00647357
33.8486   0.00579084
33.9618   0.0103169
34.075   0.00546122
34.1882   0.000950652
34.3014   0.00352922
34.4146   -0.00250763
34.5279   -0.0195216
34.6411   -0.00408684
34.7543   -0.0189672
34.8675   -0.0139389
34.9807   -0.0143667
35.0939   -0.0322721
35.2071   0.00203025
35.3203   -0.0212293
35.4335   -0.00167117
35.5467   0.0041482
35.6599   0.00405525
35.7731   0.00360861
35.8863   0.00181467
35.9995   -0.0107713
36.1127   -0.0156908
36.2259   -0.0284485
36.3392   -0.00414874
36.4524   -0.00266148
36.5656   0.0048062
36.6788   0.00375574
36.792   0.00954424
36.9052   -0.00129524
37.0184   0.00331472
37.1316   0.0127903
37.2448   0.000865509
37.358   -0.0228731
37.4712   -0.00038442
37.5844   -0.00658018
37.6976   -0.0119884
37.8108   0.00997883
37.924   0.00936221
38.0372   0.0135901
38.1504   -0.00135979
38.2637   -0.00712255
38.3769   0.0136263
38.4901   0.0161632
38.6033   -0.00881007
38.7165   0.00839624
38.8297   0.0131382
38.9429   0.0107315
39.0561   0.0111843
39.1693   0.0128522
39.2825   0.00744297
39.3957   0.00775441
39.5089   0.000554333
39.6221   0.0104132
39.7353   0.01183
39.8485   0.0113868
39.9617   0.0106048
40.075   0.00846761
40.1882   0.00693452
40.3014   -0.00979224
40.4146   0.00223052
40.5278   -0.00342668
40.641   -0.0172891
40.7542   0.000999833
40.8674   -0.00664445
40.9806   -0.0226175
41.0938   -0.00495079
41.207   -0.0311093
41.3202   0.00279068
41.4334   0.00366712
41.5466   -0.00176389
41.6598   -0.0151313
41.773   0.00278968
41.8862   -0.0319272
41.9995   -0.0101421
42.1127   0.00257288
42.2259   -0.0173516
42.3391   -0.00312813
42.4523   -0.00260012
42.5655   -0.0125985
42.6787   0.00806485
42.7919   0.00924036
42.9051   0.0107771
43.0183   -0.00506196
43.1315   0.012493
43.2447   0.00997501
43.3579   -0.00464156
43.4711   0.013614
43.5843   0.0141079
43.6975   0.0136391
43.8108   0.0138425
43.924   0.00856073
44.0372   -0.0155878
44.1504   -0.0233212
44.2636   0.00740758
44.3768   0.00235113
44.49   0.0117637
44.6032   0.00651099
44.7164   0.00477473
44.8296   -0.012546
44.9428   0.00483463
45.056   0.0101233
45.1692   -0.015745
45.2824   0.010298
45.3956   -0.0185802
45.5088   0.00831426
45.6221   -0.000486678
45.7353   0.00826332
45.8485   0.0100297
45.9617   0.000356554
46.0749   0.0036194
46.1881   0.00796312
46.3013   -0.020614
46.4145   -0.00233257
46.5277   -0.0140071
46.6409   0.0019025
46.7541   -0.0223777
46.8673   -0.0153846
46.9805   0.000633286
47.0937   -0.000191462
47.2069   -0.0233235
47.3201   0.00775479
47.4333   0.00803638
47.5466   0.0106656
47.6598   -0.00264447
47.773   0.00485224
47.8862   -0.0105219
47.9994   -0.00103212
48.1126   -0.0218252
48.2258   0.0120371
48.339   -0.0230825
48.4522   -0.00543168
48.5654   0.0130209
48.6786   0.00619998
48.7918   -0.00397453
48.905   -0.0132416
49.0182   0.0139676
49.1314   -0.0188505
49.2446   -0.00873738
49.3579   0.0140578
49.4711   0.0121861
49.5843   0.0165568
49.6975   0.00480813
49.8107   -0.0197133
49.9239   0.0111967
50.0371   0.0128856
50.1503   0.0173459
50.2635   0.0176075
50.3767   0.0171246
50.4899   0.0172434
50.6031   0.00332664
50.7163   -0.0166984
50.8295   0.0137893
50.9427   0.00411015
51.0559   -0.0172817
51.1691   0.00776378
51.2824   0.0103314
51.3956   0.00456773
51.5088   0.00873886
51.622   -0.0268131
51.7352   -0.0173848
51.8484   0.000538867
51.9616   0.00776259
52.0748   0.00704302
52.188   0.000866974
52.3012   0.00608338
52.4144   -0.00132173
52.5276   -0.00573568
52.6408   -0.0267456
52.754   0.00378521
52.8672   -0.00186981
52.9804   -4.93856e-05
53.0937   -0.00354311
53.2069   0.00568603
53.3201   0.000702516
53.4333   -0.0226228
53.5465   0.00869094
53.6597   0.00458583
53.7729   -0.00348263
53.8861   -0.0135257
53.9993   0.00911452
54.1125   0.00092977
54.2257   0.00985263
54.3389   -0.0148264
54.4521   0.010698
54.5653   -0.00118477
54.6785   -0.00458182
54.7917   0.00635316
54.9049   0.00820848
55.0182   0.0116612
55.1314   0.00497044
55.2446   -0.0108222
55.3578   -0.0105507
55.471   0.0107287
55.5842   -0.00237258
55.6974   0.00956437
55.8106   0.00820538
55.9238   0.0068698
56.037   0.00906261
56.1502   0.0105256
56.2634   0.00341986
56.3766   -0.0141039
56.4898   -0.00719936
56.603   -0.0161231
56.7162   0.00815213
56.8295   0.00432224
56.9427   0.0035282
57.0559   -0.0182286
57.1691   0.00351385
57.2823   -0.00780283
57.3955   -0.0181625
57.5087   0.00412083
57.6219   -0.00949191
57.7351   0.00252035
57.8483   -0.0211255
57.9615   -0.0076023
58.0747   0.00565953
58.1879   -0.00570014
58.3011   -0.00128942
58.4143   -0.0162912
58.5275   -0.00659762
58.6407   -0.015326
58.754   -0.00956452
58.8672   -0.0120909
58.9804   0.0107683
59.0936   0.0132384
59.2068   -0.00930878
59.32   0.00573226
59.4332   0.0144872
59.5464   0.00621603
59.6596   0.0148839
59.7728   0.0109472
59.886   -0.0145721
59.9992   -0.00869046
60.1124   0.00380344
60.2256   -0.0140048
60.3388   0.0149037
60.452   0.0175915
60.5653   0.0153629
60.6785   0.0179363
60.7917   0.0172361
60.9049   -0.0051797
61.0181   0.0152097
61.1313   -3.50568e-05
61.2445   0.00780172
61.3577   0.013848
61.4709   0.0108079
61.5841   0.0138236
61.6973   -0.00629019
61.8105   0.00124566
61.9237   -0.00326111
62.0369   -0.0112566
62.1501   -0.0102681
62.2633   0.00041339
62.3766   -0.00283212
62.4898   -0.0242407
62.603   -0.0117392
62.7162   -0.00275131
62.8294   0.00697941
62.9426   0.00804222
63.0558   -0.000971354
63.169   -0.0179862
63.2822   -0.00295391
63.3954   -0.0235403
63.5086   0.00429824
63.6218   0.00657361
63.735   -0.00815638
63.8482   -0.0111651
63.9614   -0.00551629
64.0746   -0.00614097
64.1878   -0.00150178
64.3011   -9.61059e-05
64.4143   -0.0252628
64.5275   -0.0236995
64.6407   -0.000362928
64.7539   0.0128508
64.8671   0.0136905
64.9803   0.0124436
65.0935   -0.00926848
65.2067   -0.0187591
65.3199   0.0153249
65.4331   -0.00136198
65.5463   -0.00261689
65.6595   0.000811353
65.7727   -0.00427637
65.8859   -0.00890536
65.9991   0.0180148
66.1124   0.0108825
66.2256   0.019083
66.3388   0.0195708
66.452   0.0186686
66.5652   -0.00843002
66.6784   0.00355235
66.7916   0.00302141
66.9048   0.0094604
67.018   0.0144473
67.1312   0.0167065
67.2444   0.0151996
67.3576   0.00719275
67.4708   -0.0166682
67.584   0.00327598
67.6972   -0.014187
67.8104   0.00743223
67.9236   -0.000239369
68.0369   -0.0133538
68.1501   0.0106394
68.2633   0.0105003
68.3765   0.00346147
68.4897   0.00723662
68.6029   0.000935047
68.7161   0.00623384
68.8293   0.00515184
68.9425   -0.00457879
69.0557   -0.0133751
69.1689   0.00705304
69.2821   0.00126907
69.3953   -0.00078371
69.5085   -0.00612984
69.6217   -0.00639561
69.7349   -0.0148145
69.8482   -0.00225972
69.9614   0.00450722
70.0746   -0.0287117
70.1878   0.00473318
70.301   0.000518405
70.4142   0.0053617
70.5274   0.00677254
70.6406   -0.0197234
70.7538   -0.0103092
70.867   -0.000398776
70.9802   -0.00582981
71.0934   0.001579
71.2066   0.00440659
71.3198   -0.0239968
71.433   0.00467066
71.5462   -0.0171912
71.6594   -0.0200371
71.7727   -0.00667168
71.8859   0.00623531
71.9991   0.0113288
72.1123   0.0120293
72.2255   -0.00238836
72.3387   0.0104159
72.4519   0.0136674
72.5651   0.013268
72.6783   0.0111743
72.7915   -0.0212056
72.9047   0.00463036
73.0179   0.00432825
73.1311   0.0125952
73.2443   0.000692423
73.3575   0.00544348
73.4707   0.00975761
73.584   0.00721898
73.6972   -0.00187707
73.8104   0.00304519
73.9236   0.00427599
74.0368   0.00974985
74.15   -0.00718323
74.2632   -0.0222362
74.3764   0.00761676
74.4896   -0.0122137
74.6028   -0.00811026
74.716   0.00810521
74.8292   0.00994971
74.9424   0.00324028
75.0556   0.00540265
75.1688   0.00510905
75.282   0.00285329
75.3952   0.00823182
75.5085   0.00937332
75.6217   0.0029763
75.7349   -0.0236891
75.8481   0.00622517
75.9613   0.00150484
76.0745   -0.00823008
76.1877   0.00475248
76.3009   -0.0139756
76.4141   -0.019924
76.5273   0.00692603
76.6405   0.0064228
76.7537   0.00781748
76.8669   -0.00598495
76.9801   -0.0178342
77.0933   0.00735653
77.2065   0.00781259
77.3198   -0.00430044
77.433   -0.00360802
77.5462   0.0039002
77.6594   -0.00287517
77.7726   0.00814208
77.8858   0.00892248
77.999   0.00810153
78.1122   0.00287945
78.2254   -0.0145687
78.3386   0.00806164
78.4518   -0.0010289
78.565   -0.0148117
78.6782   -0.0012008
78.7914   -0.0190369
78.9046   0.00214051
79.0178   0.00472897
79.1311   0.00398291
79.2443   -0.0239135
79.3575   -0.00423478
79.4707   -0.00200541
79.5839   0.00858517
79.6971   0.00876495
79.8103   0.00299834
79.9235   -0.00307508
80.0367   0.0103087
80.1499   0.00670302
80.2631   0.00331462
80.3763   0.010796
80.4895   0.0111972
80.6027   -0.00365365
80.7159   0.0102293
80.8291   0.0106903
80.9423   -0.00805152
81.0556   0.00823869
81.1688   0.00967571
81.282   -0.0142286
81.3952   0.00335354
81.5084   -0.0258437
81.6216   0.00439748
81.7348   -0.0300599
81.848   -0.0271754
81.9612   -0.0136823
82.0744   0.000462576
82.1876   5.62331e-05
82.3008   0.00813657
82.414   0.00861571
82.5272   0.0102701
82.6404   -0.0186958
82.7536   0.00508688
82.8669   0.0106967
82.9801   -0.0032437
83.0933   -0.0129161
83.2065   -0.0117746
83.3197   0.00832003
83.4329   0.0119156
83.5461   -0.00767394
83.6593   -0.0155369
83.7725   0.00428294
83.8857   -0.0216018
83.9989   0.0131376
84.1121   -0.0124615
84.2253   0.0131189
84.3385   -0.0021303
84.4517   -0.0139433
84.5649   0.0143772
84.6781   -0.0137169
84.7914   0.00163034
84.9046   0.00358889
85.0178   0.0133156
85.131   0.00792367
85.2442   0.0123361
85.3574   0.0166549
85.4706   -0.0166422
85.5838   -0.00690311
85.697   0.00438982
85.8102   -0.0153831
85.9234   -0.00659102
86.0366   0.014062
86.1498   0.0162826
86.263   0.0167164
86.3762   -0.0190501
86.4894   0.0109807
86.6027   -0.00245427
86.7159   0.00931992
86.8291   -0.00400071
86.9423   -0.00191019
87.0555   -0.0149763
87.1687   0.0054824
87.2819   0.0145244
87.3951   0.0138543
87.5083   0.0147568
87.6215   -0.00270454
87.7347   0.00922509
87.8479   -0.00756544
87.9611   0.0126685
88.0743   -0.0094998
88.1875   0.0117856
88.3007   0.012293
88.4139   -0.000785597
88.5272   0.00476285
88.6404   0.00512873
88.7536   0.0019549
88.8668   0.00519097
88.98   0.0095972
89.0932   0.00612735
89.2064   -0.0277378
89.3196   0.0073876
89.4328   -0.0267625
89.546   -0.000791089
89.6592   0.00177542
89.7724   -0.0306491
89.8856   -0.00401833
89.9988   -0.01562
90.112   0.00235111
90.2252   0.00523154
90.3385   0.0073694
90.4517   0.00812591
90.5649   0.00870568
90.6781   -0.00400003
90.7913   -0.000427257
90.9045   -0.0168677
91.0177   -0.0035834
91.1309   -0.000501006
91.2441   0.00139898
91.3573   0.00857562
91.4705   -0.0202559
91.5837   0.00910473
91.6969   0.00590852
91.8101   -0.0154203
91.9233   -0.00273657
92.0365   0.00977318
92.1497   0.00960902
92.263   -0.0010711
92.3762   -0.0236395
92.4894   0.00876356
92.6026   0.0117085
92.7158   -0.0226234
92.829   0.011613
92.9422   -0.0204137
93.0554   -0.017747
93.1686   0.0089963
93.2818   0.0124212
93.395   -0.00919687
93.5082   0.00809229
93.6214   -0.0123261
93.7346   -0.0161522
93.8478   0.0135133
93.961   -0.0026074
94.0743   -0.00861141
94.1875   5.92911e-05
94.3007   0.00839218
94.4139   0.0116981
94.5271   0.00332647
94.6403   0.0155185
94.7535   -0.0030964
94.8667   0.00812527
94.9799   -0.013866
95.0931   -0.00354477
95.2063   0.0148455
95.3195   -0.0121344
95.4327   0.0103145
95.5459   -0.00743608
95.6591   0.0156251
95.7723   -0.000737003
95.8856   0.00815782
95.9988   -0.0217257
96.112   0.0140977
96.2252   0.00130415
96.3384   -0.00771536
96.4516   0.00370065
96.5648   -0.0142184
96.678   -0.00096401
96.7912   0.0122577
96.9044   0.0147708
97.0176   0.0150535
97.1308   0.00910662
97.244   -0.00164815
97.3572   -0.00402019
97.4704   -0.0109506
97.5836   0.0130762
97.6968   0.00891971
97.8101   0.0127382
97.9233   0.00110195
98.0365   0.00967248
98.1497   0.00509305
98.2629   0.0117388
98.3761   0.01131
98.4893   0.000955419
98.6025   0.00873263
98.7157   0.000287114
98.8289   -0.0241323
98.9421   0.00229517
99.0553   0.00664155
99.1685   0.0053258
99.2817   0.00429423
99.3949   -0.0262981
99.5081   -0.0118093
99.6214   0.00175139
99.7346   -0.00265555
99.8478   0.00497699
99.961   0.0023651
100.074   0.00312473
100.187   -0.0022805
100.301   0.00242995
100.414   -0.0206756
100.527   0.000323938
100.64   0.00483814
100.753   -0.00438175
100.867   0.00356576
100.98   0.00507184
101.093   0.0056799
101.206   -0.0177897
101.319   -0.0111893
101.433   0.00404641
101.546   -0.0125787
101.659   0.00561753
101.772   -0.0107062
101.885   0.00525301
101.999   -0.0120669
102.112   -0.0150569
102.225   0.0071149
102.338   0.00750108
102.452   -0.00942216
102.565   0.00636018
102.678   -0.00911113
102.791   -0.00679212
102.904   -0.0223223
103.018   -0.000301425
103.131   -0.000797455
103.244   0.00926559
103.357   0.0108933
103.47   0.00704199
103.584   -0.00589979
103.697   0.00422828
103.81   0.00563447
103.923   -0.0104357
104.036   -0.0138339
104.15   -0.00341725
104.263   -0.00654949
104.376   -0.00554172
104.489   0.00472843
104.602   -0.0133796
104.716   0.0102053
104.829   -0.0186163
104.942   -0.023118
105.055   0.00166828
105.168   -0.0107678
105.282   -0.0210784
105.395   0.0123102
105.508   0.0168501
105.621   0.0100804
105.734   0.0175363
105.848   0.0200224
105.961   0.00715569
106.074   -0.000407423
106.187   0.0170969
106.301   0.0201452
106.414   0.0177091
106.527   0.011163
106.64   0.00709413
106.753   0.0167106
106.867   -0.00331867
106.98   0.0074979
107.093   -0.0187189
107.206   -0.0188328
107.319   0.012294
107.433   0.0105958
107.546   0.0120641
107.659   -0.00883578
107.772   -0.000519197
107.885   -0.0158875
107.999   -0.00374517
108.112   -0.00642547
108.225   0.00889278
108.338   -5.81934e-05
108.451   -0.0228076
108.565   -0.00185032
108.678   0.00404203
108.791   0.00617763
108.904   0.00984859
109.017   0.00911418
109.131   -0.0116136
109.244   -0.00464646
109.357   -0.00798496
109.47   0.00206614
109.583   0.00806194
109.697   0.000843306
109.81   0.00516417
109.923   0.00305698
110.036   0.00135631
110.15   0.0057245
110.263   0.00828356
110.376   -0.000365157
110.489   0.00806378
110.602   -0.0145133
110.716   -0.0104736
110.829   0.00800115
110.942   0.00849057
111.055   -8.23414e-05
111.168   0.0084453
111.282   0.00440934
111.395   -0.0110895
111.508   -0.00204885
111.621   -0.0288214
111.734   -0.0041111
111.848   -0.000989611
111.961   0.00753001
112.074   0.00804293
112.187   -0.00737639
112.3   0.00593021
112.414   -0.0188335
112.527   0.00360425
112.64   0.00251959
112.753   -0.00612069
112.866   0.00354828
112.98   -0.000866623
113.093   -0.00628516
113.206   -0.0120032
113.319   0.008954
113.432   0.0100358
113.546   0.00971514
113.659   0.00949904
113.772   -0.0198657
113.885   -0.0258461
113.999   0.00866571
114.112   0.00524269
114.225   -0.0131947
114.338   -0.0176175
114.451   -0.00523987
114.565   0.00867792
114.678   -0.00587337
114.791   0.00412014
114.904   0.0126636
115.017   -0.00995444
115.131   0.00191336
115.244   0.00509309
115.357   0.00967605
115.47   0.00929803
115.583   0.00198593
115.697   0.0143594
115.81   0.014447
115.923   0.0144152
116.036   0.00634331
116.149   -0.0228649
116.263   0.0038253
116.376   0.0096898
116.489   0.00863218
116.602   3.83049e-05
116.715   0.0112876
116.829   0.0113891
116.942   0.00762563
117.055   0.00646013
117.168   0.00347284
117.281   0.00420062
117.395   -0.0201163
117.508   0.00494586
117.621   -0.0159058
117.734   0.00569476
117.848   -0.0179221
117.961   -0.00460801
118.074   -0.000600646
118.187   -0.0219271
118.3   0.00378803
118.414   -0.018059
118.527   -0.00460167
118.64   -0.00625889
118.753   -0.0162403
118.866   -0.0016354
118.98   -0.000437986
119.093   0.0014437
119.206   0.00874731
119.319   0.00950764
119.432   0.00698343
119.546   0.00534617
119.659   0.0103228
119.772   0.00528003
119.885   -0.0243127
119.998   0.00952082
120.112   0.0108258
120.225   -0.0226937
120.338   -0.0198614
120.451   -0.0137021
120.564   0.00788526
120.678   0.010944
120.791   0.0104848
120.904   0.0113169
121.017   8.38568e-05
121.131   -0.000132332
121.244   0.00890972
121.357   0.0114279
121.47   -0.00308858
121.583   0.0115105
121.697   0.00915777
121.81   0.00205047
121.923   0.00134912
122.036   0.00478539
122.149   0.00491543
122.263   0.0102877
122.376   0.00600402
122.489   -0.0194079
122.602   -0.00332385
122.715   0.0084042
122.829   -0.00423477
122.942   -0.00165514
123.055   -0.015548
123.168   0.00540483
123.281   -0.0240941
123.395   0.00533341
123.508   0.00621696
123.621   -0.0226016
123.734   -0.00470841
123.847   -0.0109306
123.961   -0.00151679
124.074   -0.0206111
124.187   -0.0201294
124.3   0.00733968
124.413   -0.00330918
124.527   -0.00678834
124.64   0.00708298
124.753   0.00186972
124.866   -0.0115985
124.98   0.00405466
125.093   0.0132478
125.206   6.41903e-05
125.319   -0.00438541
125.432   -0.000499735
125.546   0.0148612
125.659   -0.00410661
125.772   0.014513
125.885   0.015624
125.998   0.0124183
126.112   -0.00051816
126.225   0.00415342
126.338   -0.00504878
126.451   0.0127152
126.564   0.0129393
126.678   0.0136284
126.791   0.00529439
126.904   -0.0070663
127.017   -0.00970567
127.13   0.00536194
127.244   -0.0218749
127.357   0.00445635
127.47   0.0108395
127.583   0.00559785
127.696   0.00882102
127.81   -0.0254342
127.923   0.000521636
128.036   0.00952663
128.149   0.00687286
128.262   0.00815331
128.376   0.00799642
128.489   -0.017266
128.602   0.00825926
128.715   0.00896162
128.829   0.00828771
128.942   0.00878278
129.055   0.00750731
129.168   -0.012559
129.281   -0.00929933
129.395   -0.0284638
129.508   0.00549358
129.621   -0.00544768
129.734   -0.0041731
129.847   -0.00838103
129.961   -0.0129228
130.074   -0.0106814
130.187   0.00623041
130.3   0.007357
130.413   -0.00191028
130.527   -0.0141196
130.64   -0.00744459
130.753   -0.00354956
130.866   0.000994733
130.979   -0.0130934
131.093   -0.00377563
131.206   -0.0110417
131.319   0.00250476
131.432   -0.0049431
131.545   -0.0229729
131.659   0.0117559
131.772   0.0118673
131.885   0.00802257
131.998   0.0120795
132.111   0.00567803
132.225   0.0152347
132.338   0.0150304
132.451   0.0130774
132.564   0.00505341
132.678   -0.00334419
132.791   0.0144265
132.904   0.0100123
133.017   0.0138771
133.13   -0.0217029
133.244   0.0121158
133.357   0.0119445
133.47   -0.01007
133.583   0.0109234
133.696   0.00293355
133.81   -0.0109404
133.923   -0.01647
134.036   0.00727922
134.149   -0.000572839
134.262   -0.0174968
134.376   0.00646331
134.489   -0.0056766
134.602   -0.0136356
134.715   -0.000416311
134.828   -0.0211755
134.942   0.0026059
135.055   -0.019532
135.168   0.00779419
135.281   0.00259039
135.394   0.00644857
135.508   0.00924993
135.621   -0.000389594
135.734   0.0100196
135.847   0.0109093
135.961   -0.0243995
136.074   0.00159382
136.187   -0.0265216
136.3   0.0028233
136.413   -0.0126479
136.527   -0.0163198
136.64   0.00729654
136.753   -0.00721178
136.866   -0.0070945
136.979   0.011477
137.093   -0.00541951
137.206   0.000819754
137.319   0.0123096
137.432   -0.00509145
137.545   0.0135488
137.659   -0.00698878
137.772   0.00246695
137.885   -0.0117642
137.998   0.0154886
138.111   0.0132772
138.225   0.00627698
138.338   -0.000235429
138.451   0.0161762
138.564   -0.0103777
138.677   0.0122365
138.791   -0.0140055
138.904   0.0149112
139.017   0.0107022
139.13   -0.0115735
139.243   0.0139068
139.357   -0.0108818
139.47   0.0122788
139.583   0.00355503
139.696   0.0121045
139.81   -0.0184289
139.923   -0.0134285
140.036   -0.00977988
140.149   -0.0213712
140.262   -0.0245387
140.376   -0.0140651
140.489   -0.0113377
140.602   0.00691926
140.715   -0.00364215
140.828   0.013522
140.942   0.0125208
141.055   -0.011519
141.168   -0.0126326
141.281   -0.00540083
141.394   -0.0161874
141.508   0.00623179
141.621   0.012528
141.734   0.0118324
141.847   0.0156908
141.96   0.0135921
142.074   -0.00246882
142.187   0.00168007
142.3   -0.0173602
142.413   0.00591945
142.526   0.0107944
142.64   0.00484818
142.753   0.0140794
142.866   0.0179688
142.979   0.0109723
143.092   0.0082002
143.206   0.0140603
143.319   0.0171745
143.432   0.0148145
143.545   -0.0195518
143.659   0.0139325
143.772   -0.00127929
143.885   0.0123919
143.998   0.00898903
144.111   0.000495168
144.225   0.00943882
144.338   0.00146462
144.451   0.0020719
144.564   0.00228306
144.677   -0.00667933
144.791   -0.0129606
144.904   0.00506103
145.017   -0.0198063
145.13   -9.50954e-05
145.243   -0.0120624
145.357   0.00316351
145.47   -0.00250435
145.583   0.00285611
145.696   -0.0286
145.809   -0.00374928
145.923   0.00439366
146.036   -0.0312719
146.149   -0.0144213
146.262   -0.000535094
146.375   -0.0253111
146.489   0.00617216
146.602   -0.000741058
146.715   0.00780706
146.828   0.00115933
146.941   0.00280608
147.055   0.0104559
147.168   -0.0165884
147.281   -0.00803802
147.394   0.00883652
147.508   -0.0219087
147.621   -0.00125065
147.734   -0.0139178
147.847   -0.000429745
147.96   0.0104846
148.074   0.0134287
148.187   0.0153743
148.3   -0.00442076
148.413   0.0158892
148.526   0.0113907
148.64   -0.00897723
148.753   0.0156661
148.866   0.01353
148.979   0.0112174
149.092   0.00115352
149.206   0.00793769
149.319   -0.00566547
149.432   -0.00524159
149.545   0.0120632
149.658   0.00216755
149.772   0.00249475
149.885   0.0125188
149.998   0.0119306
150.111   -0.00949611
150.224   0.0111691
150.338   0.00412485
150.451   0.00939015
150.564   -0.00425121
150.677   0.0022068
150.79   0.00714022
150.904   -0.010059
151.017   0.00190173
151.13   -0.00534051
151.243   -0.000990801
151.357   -0.00956139
151.47   -0.00330881
151.583   0.00465082
151.696   0.00480916
151.809   -0.0244082
151.923   0.000209388
152.036   -0.0151737
152.149   -0.000913166
152.262   0.00385909
152.375   -0.0229107
152.489   0.00471303
152.602   0.0055138
152.715   -0.0210053
152.828   -0.00837928
152.941   0.00689885
153.055   -0.00527919
153.168   0.000706888
153.281   -0.0210792
153.394   -0.0230004
153.507   0.0044772
153.621   -0.0272156
153.734   0.0067968
153.847   0.00242052
153.96   0.0095528
154.073   -0.00504377
154.187   0.0136524
154.3   0.01156
154.413   0.00891932
154.526   0.011447
154.64   0.00484754
154.753   0.0130108
154.866   -0.0215785
154.979   0.00420316
155.092   0.0026528
155.206   0.015204
155.319   0.0155046
155.432   0.00366601
155.545   0.0102482
155.658   -0.0184322
155.772   -0.00142555
155.885   -0.00919872
155.998   -0.0238411
156.111   -0.00330955
156.224   -0.0100776
156.338   0.00162822
156.451   -0.00489321
156.564   -0.00815281
156.677   0.0120512
156.79   -0.00563254
156.904   -0.004906
157.017   0.00662595
157.13   0.000854405
157.243   0.0150313
157.356   -0.00623336
157.47   0.0035154
157.583   0.00408324
157.696   0.0109396
157.809   -0.00503622
157.922   0.0108882
158.036   0.00981186
158.149   0.0157577
158.262   0.00605288
158.375   0.00288323
158.489   0.0121332
158.602   0.009225
158.715   -0.00354098
158.828   0.013155
158.941   0.0128607
159.055   0.0117295
159.168   0.00972484
159.281   -0.0173672
159.394   -0.0154737
159.507   -0.0182257
159.621   -0.0129799
159.734   -0.00426776
159.847   5.49704e-05
159.96   0.00272401
160.073   0.00105058
160.187   -0.0080253
160.3   -0.00264867
160.413   -0.0106989
160.526   0.00572936
160.639   0.00111475
160.753   -0.0262003
160.866   -0.00475638
160.979   -0.0200481
161.092   -0.00902868
161.205   0.00872352
161.319   -0.00289732
161.432   -0.0237209
161.545   -0.00923988
161.658   0.00333314
161.771   -0.0220994
161.885   0.00717379
161.998   0.0118276
162.111   0.0110932
162.224   -0.0214684
162.338   0.0100625
162.451   0.0103475
162.564   0.0110149
162.677   0.0174488
162.79   0.0170853
162.904   -0.0153419
163.017   0.0164128
163.13   -0.00384387
163.243   0.0135775
163.356   0.00814656
163.47   0.0173679
163.583   -0.000319605
163.696   0.016532
163.809   0.00977613
163.922   -0.000569771
164.036   -0.0100973
164.149   0.00242683
164.262   0.00505192
164.375   -0.0110025
164.488   0.00959761
164.602   0.0117639
164.715   0.00459731
164.828   0.010816
164.941   0.0109542
165.054   -0.00347607
165.168   0.00795845
165.281   0.0079657
165.394   0.00292068
165.507   -0.0141072
165.62   0.00545808
165.734   -0.00303037
165.847   -0.0143544
165.96   0.00545231
166.073   0.0048878
166.187   -0.0182359
166.3   -0.0330914
166.413   -0.00774257
166.526   -0.0254884
166.639   0.00228731
166.753   -0.0232346
166.866   -0.0236357
166.979   -0.00259662
167.092   -0.014335
167.205   0.00484863
167.319   0.00850038
167.432   -0.0256967
167.545   0.010062
167.658   -0.00804792
167.771   0.0103553
167.885   -0.00772372
167.998   0.0114719
168.111   0.014545
168.224   0.0026364
168.337   -0.0104326
168.451   0.0158577
168.564   -0.00880269
168.677   0.0164463
168.79   -0.00453421
168.903   0.0108871
169.017   0.0162382
169.13   -0.00592869
169.243   -1.27246e-05
169.356   -0.00452318
169.47   0.0129805
169.583   0.0165239
169.696   0.0165984
169.809   -0.00313494
169.922   0.0157245
170.036   -0.0057392
170.149   0.00597837
170.262   0.00939567
170.375   -0.0146288
170.488   0.0123651
170.602   -0.0231179
170.715   0.0114941
170.828   0.0107336
170.941   0.00603018
171.054   0.0112674
171.168   0.00927828
171.281   0.00117501
171.394   -0.00106271
171.507   -0.0147963
171.62   -0.00121484
171.734   0.00736028
171.847   -0.0225994
171.96   -0.00373868
172.073   -0.00736612
172.186   -0.0216387
172.3   -0.0113257
172.413   -0.0292431
172.526   -0.0102043
172.639   0.00669125
172.752   -0.0070083
172.866   0.00859608
172.979   0.00995946
173.092   -0.00643234
173.205   0.00230037
173.319   -0.0112243
173.432   -0.00770916
173.545   0.0113304
173.658   -0.00758521
173.771   0.00316373
173.885   -0.00722908
173.998   -0.00834334
174.111   -0.0213294
174.224   0.00717769
174.337   0.00231301
174.451   0.00405459
174.564   0.0146514
174.677   0.0169236
174.79   0.0158552
174.903   -0.0115155
175.017   -0.00976245
175.13   0.0146673
175.243   0.01436
175.356   -0.00965881
175.469   0.011928
175.583   -0.0140762
175.696   -0.0115384
175.809   -0.00409154
175.922   0.00636461
176.035   0.0135509
176.149   0.00632408
176.262   0.0142095
176.375   0.0160848
176.488   0.0154364
176.601   0.00442297
176.715   0.0155288
176.828   0.0069253
176.941   0.0118951
177.054   0.013808
177.168   -0.00288874
177.281   -0.0144403
177.394   -0.00447881
177.507   0.00115805
177.62   0.00358896
177.734   0.0024617
177.847   -0.00531904
177.96   -0.00194168
178.073   -0.0228229
178.186   -0.00881243
178.3   -0.00567192
178.413   0.00470774
178.526   -0.00443011
178.639   0.00679613
178.752   0.00272203
178.866   0.000871973
178.979   0.00640075
179.092   0.00748552
179.205   -0.0265011
179.318   -0.0134112
179.432   0.0050506
179.545   -0.00599975
179.658   0.00245114
179.771   -0.00867329
179.884   -0.00974332
179.998   0.000702377
180.111   -0.00353301
180.224   -0.00171311
180.337   0.00872538
180.45   -0.0166778
180.564   6.92528e-05
180.677   -0.00227157
180.79   0.00998582
180.903   -0.0180488
181.017   -0.000553989
181.13   0.00708402
181.243   0.00553374
181.356   -0.00375759
181.469   -0.00721509
181.583   0.0119379
181.696   0.011722
181.809   0.00869994
181.922   0.00200917
182.035   -0.00942583
182.149   0.00701007
182.262   0.0126585
182.375   0.0104779
182.488   -0.0227688
182.601   0.0119372
182.715   -0.0121888
182.828   -0.00899846
182.941   0.00685424
183.054   -0.00111746
183.167   0.00391826
183.281   -0.00492531
183.394   0.00189183
183.507   -0.0224639
183.62   -0.0145417
183.733   0.0106067
183.847   0.0102633
183.96   -0.00802042
184.073   -0.0112722
184.186   0.0103569
184.299   -0.0151759
184.413   -0.0124296
184.526   0.000366228
184.639   0.00205642
184.752   0.0125064
184.866   0.0127534
184.979   0.0115883
185.092   0.0144835
185.205   -0.0027598
185.318   0.00675231
185.432   0.0108492
185.545   0.0024629
185.658   0.00149624
185.771   0.0126499
185.884   0.0128441
185.998   -0.00025693
186.111   0.00475282
186.224   0.0106507
186.337   -0.0126262
186.45   0.00105069
186.564   -0.0152348
186.677   0.0097188
186.79   0.00973899
186.903   0.00966645
187.016   0.0092542
187.13   -0.0239575
187.243   -0.0166412
187.356   0.00655596
187.469   0.00743393
187.582   -0.0167683
187.696   0.000928033
187.809   0.00250334
187.922   0.000662086
188.035   0.00581148
188.149   0.00119308
188.262   0.00528728
188.375   -0.00582981
188.488   0.00407463
188.601   0.00508606
188.715   0.00706415
188.828   0.00743089
188.941   0.0023842
189.054   0.00702074
189.167   0.00115551
189.281   0.000365162
189.394   -0.0197776
189.507   0.000701637
189.62   0.00330211
189.733   0.00105652
189.847   0.00523751
189.96   -0.00146593
190.073   -0.0135651
190.186   0.000295958
190.299   -0.0115576
190.413   0.00308989
190.526   -0.0134367
190.639   -0.00464103
190.752   -0.015819
190.865   -0.0106679
190.979   -0.0118744
191.092   0.00495514
191.205   -0.0124246
191.318   0.00150002
191.431   0.00260375
191.545   -0.0177351
191.658   0.00448689
191.771   0.00483392
191.884   0.00712814
191.998   -0.0147964
192.111   0.00815657
192.224   0.00455684
192.337   -0.0217341
192.45   -0.00613731
192.564   0.00720828
192.677   0.0104412
192.79   0.0132199
192.903   0.00697756
193.016   0.0139542
193.13   -0.00877732
193.243   0.011748
193.356   0.00691868
193.469   -0.00872842
193.582   0.00973778
193.696   -0.0053341
193.809   0.00173513
193.922   0.00621259
194.035   0.00752244
194.148   0.0107168
194.262   -0.00868924
194.375   0.0113992
194.488   0.0111634
194.601   -0.0198407
194.714   0.00680283
194.828   0.00837733
194.941   0.00914768
195.054   -0.0141178
195.167   -0.0093618
195.28   0.00533026
195.394   -0.00546174
195.507   0.00175427
195.62   0.00655379
195.733   -0.0245032
195.847   0.006655
195.96   0.0077545
196.073   0.00798925
196.186   -0.0191373
196.299   0.00808442
196.413   0.00586683
196.526   0.00823026
196.639   -0.0214501
196.752   0.00243512
196.865   0.00420847
196.979   0.00801701
197.092   -0.000865185
197.205   -0.012325
197.318   -0.0165188
197.431   0.00801953
197.545   0.0076818
197.658   0.00532381
197.771   0.00907505
197.884   0.00595205
197.997   0.00149691
198.111   0.00855737
198.224   0.00241652
198.337   -0.00286392
198.45   0.00801327
198.563   -0.000557978
198.677   -0.00131096
198.79   -0.015348
198.903   0.00124242
199.016   1.45515e-05
199.129   -0.0188807
199.243   -0.00586277
199.356   -0.00549695
199.469   0.00364703
199.582   6.19468e-05
199.696   0.00588696
199.809   -0.0041058
199.922   -0.00166192
200.035   0.00818832
200.148   -2.98907e-05
200.262   0.00708867
200.375   0.00549272
200.488   -0.0105355
200.601   0.00796362
200.714   -0.00113494
200.828   0.00200872
200.941   0.00522474
201.054   0.00794512
201.167   -0.00570025
201.28   0.0037165
201.394   -0.00906645
201.507   0.00727301
201.62   0.00805405
201.733   0.00112458
201.846   0.00792197
201.96   -0.0267705
202.073   -0.0255039
202.186   -0.0214015
202.299   0.00509746
202.412   -0.00965694
202.526   0.00388879
202.639   0.00421796
202.752   -0.000938823
202.865   -0.0183427
202.979   2.87082e-06
203.092   -0.0188053
203.205   0.00558662
203.318   -0.00374228
203.431   0.0109216
203.545   0.0121039
203.658   0.00539204
203.771   -0.00795932
203.884   0.00681776
203.997   -0.0216131
204.111   -0.00352155
204.224   0.00809479
204.337   0.012637
204.45   0.00243463
204.563   0.0104011
204.677   0.0143066
204.79   0.0146233
204.903   -0.00255108
205.016   -0.0130851
205.129   0.0107118
205.243   0.00749303
205.356   0.0100297
205.469   -0.0187694
205.582   0.0118357
205.695   -0.000876056
205.809   0.0111081
205.922   0.0121178
206.035   0.00587753
206.148   0.0017533
206.261   0.000436387
206.375   0.00869942
206.488   0.00254636
206.601   -0.00671002
206.714   -0.0252574
206.828   0.00813954
206.941   0.0060859
207.054   0.00816922
207.167   -0.018725
207.28   0.0050659
207.394   -0.00686262
207.507   0.0047221
207.62   -0.0165779
207.733   0.00559636
207.846   -0.011848
207.96   0.00443011
208.073   -0.0230549
208.186   -0.028432
208.299   -0.00055184
208.412   0.00637378
208.526   0.00844482
208.639   0.00609016
208.752   -0.0109837
208.865   -0.000419782
208.978   0.00627168
209.092   0.00969619
209.205   0.0110456
209.318   -0.0117782
209.431   -0.0149316
209.544   0.00774976
209.658   0.00997497
209.771   -0.000437801
209.884   -0.00974083
209.997   0.00482117
210.11   -0.000141563
210.224   0.00822087
210.337   0.00792827
210.45   0.0116593
210.563   0.00455817
210.677   -0.0095312
210.79   0.0119987
210.903   -0.00460936
211.016   0.000645626
211.129   0.00233098
211.243   0.0111808
211.356   -0.00554201
211.469   -0.0116879
211.582   0.00999023
211.695   -0.00866348
211.809   0.000676922
211.922   0.00412889
212.035   0.00534918
212.148   0.00430387
212.261   -0.0205458
212.375   -0.0286165
212.488   0.00743661
212.601   -0.00517598
212.714   -0.0181144
212.827   0.00784146
212.941   0.00575693
213.054   -0.0144462
213.167   -0.0223395
213.28   0.00887141
213.393   -0.0104767
213.507   -0.00179834
213.62   -0.00640758
213.733   -0.0125835
213.846   0.00911549
213.959   -0.000119014
214.073   0.014881
214.186   -0.00195661
214.299   0.01509
214.412   0.0157019
214.526   0.0168388
214.639   0.0131779
214.752   0.0148289
214.865   -0.00699842
214.978   0.0090542
215.092   0.0133169
215.205   0.00987475
215.318   -0.00557011
215.431   0.0136775
215.544   -0.00172217
215.658   0.0127976
215.771   -0.00525905
215.884   0.0113312
215.997   -0.00754966
216.11   0.00817062
216.224   -0.00770268
216.337   -0.00344845
216.45   -0.0200072
216.563   -0.000600575
216.676   0.00201587
216.79   0.0059702
216.903   0.00748389
217.016   -0.024711
217.129   -0.00143917
217.242   0.00263845
217.356   -0.0132432
217.469   0.000879549
217.582   -0.0112666
217.695   0.00677308
217.808   0.00387869
217.922   0.00491286
218.035   -0.00719119
218.148   -0.00428201
218.261   0.00497784
218.375   0.00577652
218.488   0.00165277
218.601   -0.00983831
218.714   -0.0217095
218.827   -0.027102
218.941   0.00789324
219.054   -0.00973465
219.167   0.00700137
219.28   0.0100002
219.393   -0.000599345
219.507   -0.0180448
219.62   -0.0108138
219.733   -0.0119535
219.846   -0.00210308
219.959   0.0116493
220.073   0.0059457
220.186   -0.0154821
220.299   0.00783701
220.412   -0.00507812
220.525   0.0051235
220.639   -0.0151562
220.752   0.0128782
220.865   0.0144388
220.978   -0.0197753
221.091   0.0037799
221.205   0.0112752
221.318   0.00106331
221.431   0.0156829
221.544   0.0166687
221.658   0.00748253
221.771   0.0119791
221.884   0.0161823
221.997   -0.0128995
222.11   0.00406611
222.224   -0.0114195
222.337   -0.00291992
222.45   -0.00233465
222.563   0.00616594
222.676   0.0133801
222.79   -0.0199146
222.903   0.00783264
223.016   -0.017828
223.129   0.0118533
223.242   -0.0104545
223.356   0.011944
223.469   0.0112075
223.582   0.0131649
223.695   0.0131725
223.808   -0.0115227
223.922   -0.0089802
224.035   0.00781649
224.148   0.0116606
224.261   0.0114701
224.374   0.0105374
224.488   0.0111859
224.601   -0.000740707
224.714   0.00998647
224.827   0.00911055
224.94   -0.00384311
225.054   -0.00450115
225.167   -0.0143195
225.28   -0.0119857
225.393   -0.0314887
225.507   -0.0299966
225.62   -0.0322976
225.733   -0.00469691
225.846   0.00254478
225.959   0.00589759
226.073   -0.00535702
226.186   0.00819018
226.299   0.00178582
226.412   0.0051486
226.525   0.00241125
226.639   0.00640519
226.752   -0.00145827
226.865   0.0100471
226.978   -0.0195785
227.091   0.0119287
227.205   -0.0247433
227.318   -0.00137973
227.431   0.011782
227.544   -0.0171446
227.657   0.0108929
227.771   -0.000377049
227.884   0.0137446
227.997   -0.012206
228.11   0.0141477
228.223   -0.00291971
228.337   -0.0131338
228.45   0.00483874
228.563   -0.01981
228.676   0.000285107
228.789   0.00902892
228.903   0.0116574
229.016   -0.0103839
229.129   0.000665742
229.242   0.00373358
229.356   0.00526028
229.469   0.0159278
229.582   0.0018056
229.695   -0.0123177
229.808   -0.00254682
229.922   0.00283189
230.035   -0.0111816
230.148   0.00643881
230.261   0.00630727
230.374   0.0118121
230.488   0.0146095
230.601   -0.00128821
230.714   0.0155215
230.827   0.0128046
230.94   -0.0081566
231.054   0.0114808
231.167   0.00657004
231.28   0.0051542
231.393   0.013103
231.506   -0.0224699
231.62   -0.00243377
231.733   0.00749965
231.846   0.0110362
231.959   0.00845518
232.072   -0.0089684
232.186   -0.00808064
232.299   -0.00850781
232.412   -0.0268706
232.525   -0.0186225
232.638   -0.00188014
232.752   -0.0120506
232.865   -0.0204615
232.978   -0.0119633
233.091   0.00543119
233.205   0.00993126
233.318   0.0106848
233.431   0.00958698
233.544   -0.00955172
233.657   0.00855164
233.771   -0.00524228
233.884   -0.00405344
233.997   -0.0110252
234.11   -0.0216591
234.223   0.0106017
234.337   0.0101497
234.45   -0.00306664
234.563   0.00889449
234.676   0.0152179
234.789   0.0132508
234.903   0.0156979
235.016   -0.0147307
235.129   0.014508
235.242   0.00416013
235.355   -0.00836915
235.469   0.0144093
235.582   -0.0149254
235.695   -0.0142309
235.808   0.0127068
235.921   0.00237271
236.035   0.0130579
236.148   0.0016119
236.261   0.0132408
236.374   -0.0139922
236.488   0.00837123
236.601   0.00413906
236.714   0.0115637
236.827   0.00211049
236.94   -0.00384003
237.054   -0.00620058
237.167   -0.000803375
237.28   0.00579168
237.393   0.00913481
237.506   -0.0018151
237.62   0.00530323
237.733   0.00966133
237.846   0.00173173
237.959   0.00914811
238.072   -0.0134759
238.186   0.00804047
238.299   -0.00135644
238.412   -0.0225416
238.525   8.97291e-05
238.638   -0.0185773
238.752   -0.00354622
238.865   -0.0099954
238.978   -0.0215738
239.091   0.00575541
239.204   -0.00512554
239.318   0.00681727
239.431   -0.0167059
239.544   0.00586443
239.657   -7.19614e-08
239.77   -0.0169094
239.884   -0.017245
239.997   0.00670697
240.11   0.00924309
240.223   0.00816978
240.337   0.00699993
240.45   -0.00893619
240.563   -0.0127389
240.676   -0.012412
240.789   -0.00819387
240.903   -0.0207965
241.016   -0.000148377
241.129   0.00179268
241.242   0.00464851
241.355   -0.00928298
241.469   0.0117644
241.582   -0.0156561
241.695   0.00656152
241.808   0.0110831
241.921   0.0130836
242.035   0.00823355
242.148   -0.0127582
242.261   0.015801
242.374   0.0169381
242.487   0.00702671
242.601   -0.00249722
242.714   -0.0157808
242.827   -0.00601534
242.94   0.0177442
243.053   0.00800139
243.167   -0.0017615
243.28   0.0134116
243.393   -0.0130004
243.506   -0.00525069
243.619   0.0089765
243.733   0.00791443
243.846   -0.00449368
243.959   0.0163759
244.072   0.015129
244.186   0.016207
244.299   0.0160138
244.412   0.00932201
244.525   0.010793
244.638   0.0136506
244.752   0.0128868
244.865   0.0117913
244.978   0.00688045
245.091   0.00441778
245.204   0.00943817
245.318   0.00489935
245.431   -0.0206721
245.544   0.00463483
245.657   0.000128754
245.77   -0.0116201
245.884   -0.0256301
245.997   0.00271304
246.11   -0.00314272
246.223   0.00162437
246.336   -0.0115905
246.45   -0.0148601
246.563   -0.0303617
246.676   -0.00727958
246.789   -0.0288754
246.902   0.00116019
247.016   -0.0043982
247.129   0.00278841
247.242   -0.0104452
247.355   0.00537488
247.468   -0.00905142
247.582   0.00301729
247.695   -0.0294805
247.808   -0.00573097
247.921   -0.0173299
248.035   -0.00300971
248.148   0.00311157
248.261   0.00846309
248.374   0.00945343
248.487   0.0128505
248.601   0.00517678
248.714   0.013351
248.827   0.0153976
248.94   -0.0141715
249.053   -0.00364529
249.167   -0.00526848
249.28   0.00256632
249.393   0.00782184
249.506   0.0152527
249.619   0.00780372
249.733   0.0152609
249.846   0.015667
249.959   0.0132524
250.072   0.0138858
250.185   0.00425448
250.299   -0.000227635
250.412   -0.0172582
250.525   -0.00984573
250.638   0.0055357
250.751   0.00588682
250.865   -0.000764665
250.978   0.0059422
251.091   -0.00962962
251.204   -0.0193465
251.317   -0.00221333
251.431   0.00857542
251.544   0.00620214
251.657   -0.0154471
251.77   -0.0250646
251.884   -0.0252521
251.997   0.00739639
252.11   0.00834012
252.223   0.00363928
252.336   0.0101949
252.45   0.00155591
252.563   -0.0147376
252.676   -0.0112799
252.789   0.00850902
252.902   -0.0185249
253.016   0.00759933
253.129   -0.00128352
253.242   0.00432335
253.355   0.0126391
253.468   -0.0154297
253.582   -0.00880882
253.695   0.00923548
253.808   0.00386809
253.921   0.0121187
254.034   -0.00622089
254.148   0.0137154
254.261   0.0115105
254.374   0.00969752
254.487   0.00018611
254.6   -0.0144633
254.714   -0.00217937
254.827   -0.0150836
254.94   -0.00645757
255.053   0.00505935
255.167   -0.00837332
255.28   -0.0161143
255.393   0.011454
255.506   -0.00246284
255.619   -0.0201691
255.733   -0.0191285
255.846   0.00997199
255.959   0.00996939
256.072   -0.0136127
256.185   0.0139205
256.299   0.0155947
256.412   -0.0146496
256.525   -0.00693307
256.638   0.00991162
256.751   -0.00289676
256.865   0.00127916
256.978   0.0167563
257.091   0.0114667
257.204   0.0079312
257.317   0.0163166
257.431   0.0106333
257.544   0.0149306
257.657   -0.00947987
257.77   0.0117105
257.883   0.0146434
257.997   -0.00392181
258.11   0.0142829
258.223   0.0116508
258.336   0.0079112
258.449   -0.025179
258.563   0.00252117
258.676   -0.00469169
258.789   -0.025932
258.902   -0.0120726
259.016   -0.00621325
259.129   -0.0279812
259.242   -0.00276717
259.355   0.00824119
259.468   -0.0111014
259.582   0.00750517
259.695   0.0105985
259.808   0.0108193
259.921   0.0107562
260.034   0.00571914
260.148   0.00369804
260.261   0.00981604
260.374   -0.0108452
260.487   0.00996247
260.6   0.00312105
260.714   -0.0052672
260.827   0.00988035
260.94   0.00462544
261.053   0.00538208
261.166   -0.0220399
261.28   -0.0155872
261.393   -0.00440101
261.506   0.00783231
261.619   0.00640901
261.732   -0.00346568
261.846   -0.0082799
261.959   0.00784072
262.072   -0.00980076
262.185   0.00848409
262.298   0.00490596
262.412   0.00932712
262.525   0.00633573
262.638   -0.00107527
262.751   0.00955345
262.865   -0.0137086
262.978   -0.00376927
263.091   0.00595848
263.204   -0.00795286
263.317   -0.0288258
263.431   -0.0157508
263.544   0.00834726
263.657   -0.00161638
263.77   0.00824581
263.883   0.0098491
263.997   0.0106831
264.11   0.00224066
264.223   -0.0122455
264.336   -0.0107207
264.449   -0.0156431
264.563   0.00700518
264.676   0.00366815
264.789   -0.0011679
264.902   -0.0152438
265.015   -0.00859947
265.129   -0.00509299
265.242   -0.00948388
265.355   0.0111261
265.468   -0.00474838
265.581   0.0131339
265.695   0.0118794
265.808   -0.0133179
265.921   -0.0229866
266.034   -0.0101586
266.147   0.0136644
266.261   0.00151891
266.374   -0.00431494
266.487   0.0152574
266.6   0.0160585
266.714   0.00845303
266.827   0.0167028
266.94   0.0165056
267.053   0.00517965
267.166   -0.0161541
267.28   0.00426733
267.393   0.0114917
267.506   -0.0020907
267.619   0.00513549
267.732   -0.00293486
267.846   -0.00507391
267.959   -0.0182422
268.072   0.00680059
268.185   0.0100172
268.298   -0.00193869
268.412   -0.00544714
268.525   -0.0100081
268.638   0.0116104
268.751   0.0112942
268.864   0.00920293
268.978   -0.0196479
269.091   -0.0144594
269.204   -0.00228875
269.317   0.00200298
269.43   -0.00416229
269.544   -0.0248777
269.657   0.00407304
269.77   0.00236317
269.883   0.0118119
269.997   0.00926863
270.11   -0.00551953
270.223   0.0109906
270.336   0.0113312
270.449   0.00969644
270.563   0.0114891
270.676   0.00866357
270.789   0.0123454
270.902   -0.0163894
271.015   -0.0202893
271.129   0.00411325
271.242   -0.00755582
271.355   -0.0186765
271.468   -0.00507634
271.581   0.00261397
271.695   0.00578543
271.808   0.00237059
271.921   0.00690237
272.034   0.00533421
272.147   -0.0246864
272.261   -0.00163406
272.374   0.0106268
272.487   -0.00239898
272.6   0.0114506
272.713   -0.0251334
272.827   0.0111692
272.94   0.0110184
273.053   -0.00148774
273.166   0.00464099
273.279   0.00881026
273.393   -0.0232982
273.506   -0.0259832
273.619   0.00975209
273.732   -0.0246072
273.846   0.00857807
273.959   0.0117332
274.072   -0.00136261
274.185   0.00607909
274.298   -0.0210648
274.412   0.0110072
274.525   0.00402813
274.638   0.00321338
274.751   -0.0112634
274.864   0.00503263
274.978   0.0124535
275.091   -0.00315333
275.204   0.0146202
275.317   -0.0180444
275.43   0.0113643
275.544   0.0147952
275.657   -0.00497401
275.77   -0.0214908
275.883   -0.00242667
275.996   0.00366161
276.11   -0.00175022
276.223   0.00275273
276.336   0.00568137
276.449   0.0148401
276.562   0.0132982
276.676   -0.00492572
276.789   0.01369
276.902   0.0147419
277.015   0.00962677
277.128   0.014301
277.242   0.0100293
277.355   -0.00644241
277.468   0.0114875
277.581   -0.000639828
277.695   -0.0173652
277.808   0.00848253
277.921   -0.00354796
278.034   0.00227337
278.147   0.00375868
278.261   -0.0184916
278.374   -0.0286229
278.487   0.00379935
278.6   -0.024145
278.713   -0.0175277
278.827   0.00598606
278.94   0.00069161
279.053   0.00571328
279.166   -0.00328544
279.279   0.00368678
279.393   -0.0044054
279.506   0.00981433
279.619   -0.00756606
279.732   0.010368
279.845   0.0103221
279.959   0.0073044
280.072   0.00857646
280.185   0.00139168
280.298   -0.000229161
280.411   0.00179573
280.525   0.00674465
280.638   -0.0205347
280.751   0.00980166
280.864   0.00546347
280.977   0.00468141
281.091   0.00848519
281.204   -0.00125688
281.317   -0.0106926
281.43   -0.021538
281.544   -0.000810443
281.657   0.0071072
281.77   0.00557887
281.883   0.00659809
281.996   -0.00792136
282.11   0.00492351
282.223   -0.000993409
282.336   0.00866041
282.449   0.0091055
282.562   -0.025731
282.676   -0.0294848
282.789   -0.00311082
282.902   0.00164853
283.015   -0.0144541
283.128   0.00433801
283.242   0.00878453
283.355   0.00491143
283.468   -0.0034946
283.581   0.00616357
283.694   -0.0179094
283.808   -0.00904465
283.921   0.00941856
284.034   -0.00292667
284.147   -0.00552595
284.26   0.0118756
284.374   -0.0112506
284.487   0.00742762
284.6   0.0125683
284.713   0.0138883
284.826   0.00154452
284.94   -0.0202501
285.053   0.0106482
285.166   0.00616361
285.279   0.010742
285.393   -0.00530506
285.506   0.00323179
285.619   0.00124072
285.732   0.0124555
285.845   0.00905079
285.959   -0.00177825
286.072   0.0105708
286.185   -0.00938517
286.298   0.00110464
286.411   0.00858377
286.525   0.00253378
286.638   0.00493987
286.751   0.0075246
286.864   0.00913085
286.977   0.00732895
287.091   0.00717464
287.204   -0.00403713
287.317   0.00814558
287.43   -0.0204233
287.543   -0.00473705
287.657   -0.0159898
287.77   0.000884683
287.883   -0.00381152
287.996   -0.0173748
288.109   0.000183835
288.223   -0.00180559
288.336   0.005728
288.449   0.00520611
288.562   0.00171413
288.676   -0.00105984
288.789   -0.00856129
288.902   -0.00624699
289.015   0.00499674
289.128   0.00769915
289.242   0.00289327
289.355   0.00197328
289.468   -0.00744078
289.581   0.00800428
289.694   0.00792859
289.808   0.00696475
289.921   0.00109778
290.034   -0.0259019
290.147   0.00613702
290.26   -0.00543206
290.374   -0.0260732
290.487   -0.00597871
290.6   0.00566643
290.713   0.00164912
290.826   0.00822518
290.94   -0.00418244
291.053   -0.0231504
291.166   -0.0104615
291.279   -0.00944379
291.392   0.00393408
291.506   0.00672686
291.619   0.00922208
291.732   -0.0162143
291.845   -0.00752242
291.958   0.00477217
292.072   -0.0207624
292.185   0.00849918
292.298   0.0130553
292.411   0.0112659
292.525   -0.00689746
292.638   -0.00825949
292.751   0.0115952
292.864   -0.0098237
292.977   0.0109964
293.091   0.0152155
293.204   -0.021486
293.317   -0.00280092
293.43   -0.00607185
293.543   -0.0186162
293.657   -0.00441042
293.77   -0.00790266
293.883   0.0101768
293.996   0.0129716
294.109   0.0146961
294.223   0.017388
294.336   0.00278854
294.449   0.0140214
294.562   0.00948115
294.675   -0.0128727
294.789   0.0138404
294.902   -0.0142169
295.015   0.0128784
295.128   0.0121353
295.241   0.00732179
295.355   0.0132939
295.468   0.0122266
295.581   0.0121923
295.694   0.00806264
295.807   0.00536976
295.921   0.00655718
296.034   0.00863971
296.147   -0.00489634
296.26   -0.0106856
296.374   -0.0196297
296.487   0.00705708
296.6   0.00125906
296.713   -0.00623241
296.826   0.0048472
296.94   -0.00489002
297.053   -0.014878
297.166   -0.00166981
297.279   -0.015036
297.392   0.00481501
297.506   0.00575429
297.619   -0.00908051
297.732   -0.00078114
297.845   -0.00537478
297.958   -0.00499207
298.072   -0.0113103
298.185   -0.00388938
298.298   0.000960555
298.411   -0.026985
298.524   0.00533511
298.638   -0.01901
298.751   -0.00890335
298.864   -0.0270822
298.977   0.00266472
299.09   0.00474145
299.204   0.00634763
299.317   0.0113121
299.43   0.0130844
299.543   -0.0175572
299.656   0.00459356
299.77   0.0140436
299.883   -0.0228515
299.996   -0.00755153
300.109   0.0134401
