0   0.04
0.113206   0.0403776
0.226412   0.0402261
0.339618   0.0402687
0.452824   0.0370873
0.56603   0.0338874
0.679236   0.0325932
0.792443   0.0309339
0.905649   0.0300236
1.01885   0.0289496
1.13206   0.0272567
1.24527   0.0272731
1.35847   0.0275155
1.47168   0.0269317
1.58489   0.0267791
1.69809   0.0270793
1.8113   0.0276787
1.9245   0.0273708
2.03771   0.0246247
2.15092   0.0251345
2.26412   0.025078
2.37733   0.0240831
2.49053   0.024231
2.60374   0.024585
2.71695   0.0228219
2.83015   0.0234877
2.94336   0.0245402
3.05656   0.025758
3.16977   0.0254375
3.28298   0.0266201
3.39618   0.0275013
3.50939   0.027884
3.62259   0.0267244
3.7358   0.0257322
3.84901   0.0238685
3.96221   0.0250548
4.07542   0.026354
4.18862   0.0264629
4.30183   0.0258329
4.41504   0.0265036
4.52824   0.0277321
4.64145   0.0265422
4.75466   0.0276816
4.86786   0.0264551
4.98107   0.0251561
5.09427   0.0222817
5.20748   0.0218992
5.32069   0.0197621
5.43389   0.0205893
5.5471   0.021898
5.6603   0.0223726
5.77351   0.0231438
5.88672   0.0246688
5.99992   0.0248908
6.11313   0.0265129
6.22633   0.0264032
6.33954   0.0243152
6.45275   0.0257683
6.56595   0.0273418
6.67916   0.0256158
6.79236   0.0238799
6.90557   0.0227657
7.01878   0.0227365
7.13198   0.0226517
7.24519   0.0236984
7.3584   0.0250246
7.4716   0.0259275
7.58481   0.0271765
7.69801   0.02724
7.81122   0.0284805
7.92443   0.0299555
8.03763   0.0314505
8.15084   0.0302828
8.26404   0.0315093
8.37725   0.029199
8.49046   0.0304642
8.60366   0.0313054
8.71687   0.0303705
8.83007   0.028065
8.94328   0.0275469
9.05649   0.0246684
9.16969   0.0237819
9.2829   0.0236746
9.3961   0.0208144
9.50931   0.02073
9.62252   0.0186707
9.73572   0.0164854
9.84893   0.0167571
9.96214   0.0179693
10.0753   0.0188947
10.1885   0.0195684
10.3018   0.0197484
10.415   0.0207673
10.5282   0.0223334
10.6414   0.0203538
10.7546   0.0182054
10.8678   0.0191291
10.981   0.0178384
11.0942   0.0179656
11.2074   0.0159396
11.3206   0.0172263
11.4338   0.0186375
11.547   0.0169742
11.6602   0.0182453
11.7734   0.0180756
11.8866   0.0201379
11.9998   0.0198016
12.1131   0.0210531
12.2263   0.0231156
12.3395   0.0231736
12.4527   0.0253332
12.5659   0.0262884
12.6791   0.0284358
12.7923   0.0278889
12.9055   0.0296933
13.0187   0.0316063
13.1319   0.0335626
13.2451   0.0319108
13.3583   0.0336049
13.4715   0.0350252
13.5847   0.0352997
13.6979   0.0334617
13.8111   0.0346545
13.9243   0.0337284
14.0376   0.034627
14.1508   0.0319208
14.264   0.0296706
14.3772   0.0300636
14.4904   0.0305665
14.6036   0.0279991
14.7168   0.0281748
14.83   0.0281802
14.9432   0.0289862
15.0564   0.0298753
15.1696   0.0294219
15.2828   0.029784
15.396   0.0288316
15.5092   0.0287922
15.6224   0.0295314
15.7356   0.0278903
15.8489   0.0286968
15.9621   0.0295171
16.0753   0.0284615
16.1885   0.0291869
16.3017   0.0295143
16.4149   0.0302671
16.5281   0.0312847
16.6413   0.0316539
16.7545   0.0319723
16.8677   0.0328232
16.9809   0.0338325
17.0941   0.0343897
17.2073   0.0315267
17.3205   0.0315767
17.4337   0.0307538
17.5469   0.0278279
17.6601   0.0280614
17.7734   0.0253875
17.8866   0.0258915
17.9998   0.0265908
18.113   0.0260754
18.2262   0.0235159
18.3394   0.0221522
18.4526   0.0227622
18.5658   0.0237332
18.679   0.0238059
18.7922   0.0208674
18.9054   0.0218199
19.0186   0.0230217
19.1318   0.0231851
19.245   0.0212124
19.3582   0.0224908
19.4714   0.0211492
19.5847   0.0214998
19.6979   0.0223218
19.8111   0.0222991
19.9243   0.0235991
20.0375   0.0250355
20.1507   0.0246288
20.2639   0.0252884
20.3771   0.023461
20.4903   0.0250337
20.6035   0.0263044
20.7167   0.0279786
20.8299   0.028033
20.9431   0.028225
21.0563   0.0294828
21.1695   0.029408
21.2827   0.0299177
21.3959   0.0299019
21.5092   0.0288543
21.6224   0.0300675
21.7356   0.0300333
21.8488   0.0299757
21.962   0.0311266
22.0752   0.0317559
22.1884   0.0326535
22.3016   0.033314
22.4148   0.0327425
22.528   0.0335325
22.6412   0.0340217
22.7544   0.0346623
22.8676   0.0355671
22.9808   0.0339383
23.094   0.0339672
23.2072   0.0321287
23.3205   0.0299076
23.4337   0.0300548
23.5469   0.0306036
23.6601   0.0311671
23.7733   0.0312963
23.8865   0.0309822
23.9997   0.030767
24.1129   0.0314835
24.2261   0.0316116
24.3393   0.0315602
24.4525   0.0312914
24.5657   0.0320551
24.6789   0.032647
24.7921   0.0329002
24.9053   0.0330712
25.0185   0.0324834
25.1317   0.0303101
25.245   0.0308409
25.3582   0.0314417
25.4714   0.0315326
25.5846   0.0316841
25.6978   0.031814
25.811   0.0325688
25.9242   0.0307858
26.0374   0.0313805
26.1506   0.0321246
26.2638   0.0323173
26.377   0.0322688
26.4902   0.0330306
26.6034   0.0334666
26.7166   0.0306379
26.8298   0.0280612
26.943   0.0270661
27.0563   0.0273496
27.1695   0.027972
27.2827   0.0281318
27.3959   0.0272473
27.5091   0.0279062
27.6223   0.026551
27.7355   0.0256595
27.8487   0.0262704
27.9619   0.0271901
28.0751   0.0271732
28.1883   0.027836
28.3015   0.0254818
28.4147   0.0251888
28.5279   0.0252399
28.6411   0.0234166
28.7543   0.0220234
28.8676   0.0230701
28.9808   0.0234281
29.094   0.0230176
29.2072   0.023318
29.3204   0.0241688
29.4336   0.0237039
29.5468   0.0248748
29.66   0.0252202
29.7732   0.0252372
29.8864   0.0254798
29.9996   0.0256779
30.1128   0.0244633
30.226   0.024885
30.3392   0.0262143
30.4524   0.0251431
30.5656   0.0246087
30.6788   0.0241832
30.7921   0.0254422
30.9053   0.0248811
31.0185   0.0239483
31.1317   0.0220025
31.2449   0.0233251
31.3581   0.0226683
31.4713   0.0207166
31.5845   0.0218971
31.6977   0.0223647
31.8109   0.0220134
31.9241   0.0220302
32.0373   0.0197573
32.1505   0.0193098
32.2637   0.0208058
32.3769   0.0221617
32.4901   0.0237234
32.6034   0.0245197
32.7166   0.0259796
32.8298   0.0277894
32.943   0.0294896
33.0562   0.0308614
33.1694   0.0322467
33.2826   0.0339785
33.3958   0.0332959
33.509   0.0347173
33.6222   0.0360891
33.7354   0.0369155
33.8486   0.037667
33.9618   0.0389099
34.075   0.03963
34.1882   0.0398564
34.3014   0.0403538
34.4146   0.0401892
34.5279   0.0381575
34.6411   0.0377657
34.7543   0.0357418
34.8675   0.0342302
34.9807   0.0326484
35.0939   0.0290945
35.2071   0.0292266
35.3203   0.0268371
35.4335   0.0265497
35.5467   0.0269031
35.6599   0.0272622
35.7731   0.027587
35.8863   0.0277287
35.9995   0.0265079
36.1127   0.0247379
36.2259   0.0215582
36.3392   0.0209854
36.4524   0.0205789
36.5656   0.020992
36.6788   0.0213088
36.792   0.0222708
36.9052   0.0220752
37.0184   0.0223845
37.1316   0.023736
37.2448   0.0238138
37.358   0.0213093
37.4712   0.0212173
37.5844   0.0204546
37.6976   0.0190963
37.8108   0.0201154
37.924   0.0210901
38.0372   0.0225448
38.1504   0.0223962
38.2637   0.0216178
38.3769   0.0230875
38.4901   0.0248574
38.6033   0.0239333
38.7165   0.0248653
38.8297   0.026326
38.9429   0.0275436
39.0561   0.0288237
39.1693   0.0302982
39.2825   0.0311979
39.3957   0.0321356
39.5089   0.0322934
39.6221   0.0335169
39.7353   0.0349036
39.8485   0.0362525
39.9617   0.037525
40.075   0.0385715
40.1882   0.0394535
40.3014   0.0385137
40.4146   0.0388553
40.5278   0.0385754
40.641   0.0367716
40.7542   0.0369236
40.8674   0.0362408
40.9806   0.0338037
41.0938   0.0332509
41.207   0.0298422
41.3202   0.030076
41.4334   0.0304164
41.5466   0.0301767
41.6598   0.0284828
41.773   0.0287198
41.8862   0.0251866
41.9995   0.0239784
42.1127   0.0241478
42.2259   0.0221617
42.3391   0.0217049
42.4523   0.0213111
42.5655   0.0198343
42.6787   0.0205967
42.7919   0.0215112
42.9051   0.0226168
43.0183   0.0220215
43.1315   0.0233337
43.2447   0.0243969
43.3579   0.0238868
43.4711   0.0253576
43.5843   0.0269058
43.6975   0.0284251
43.8108   0.0299861
43.924   0.0309897
44.0372   0.029371
44.1504   0.026877
44.2636   0.0276869
44.3768   0.027958
44.49   0.0292567
44.6032   0.0300011
44.7164   0.030564
44.8296   0.0292445
44.9428   0.0297927
45.056   0.030923
45.1692   0.0292502
45.2824   0.0303837
45.3956   0.0283881
45.5088   0.0292883
45.6221   0.0292442
45.7353   0.0301514
45.8485   0.0312639
45.9617   0.0313377
46.0749   0.0317642
46.1881   0.0326668
46.3013   0.030467
46.4145   0.0302199
46.5277   0.028697
46.6409   0.0288833
46.7541   0.0264304
46.8673   0.0247035
46.9805   0.0247005
47.0937   0.0246153
47.2069   0.0220164
47.3201   0.0227691
47.4333   0.0235738
47.5466   0.0246846
47.6598   0.0243681
47.773   0.0248663
47.8862   0.023701
47.9994   0.0235536
48.1126   0.0211432
48.2258   0.0223877
48.339   0.0198334
48.4522   0.019167
48.5654   0.0205081
48.6786   0.021135
48.7918   0.0206685
48.905   0.0191893
49.0182   0.020655
49.1314   0.0185747
49.2446   0.0175671
49.3579   0.0190329
49.4711   0.020324
49.5843   0.0221147
49.6975   0.0226543
49.8107   0.0205298
49.9239   0.021737
50.0371   0.0231478
50.1503   0.0250649
50.2635   0.0270366
50.3767   0.0289798
50.4899   0.030957
50.6031   0.031438
50.7163   0.0297326
50.8295   0.0313095
50.9427   0.0318482
51.0559   0.0300555
51.1691   0.0309537
51.2824   0.0321394
51.3956   0.0327089
51.5088   0.0337337
51.622   0.0308942
51.7352   0.0290298
51.8484   0.029086
51.9616   0.0299301
52.0748   0.0307088
52.188   0.0308253
52.3012   0.0315094
52.4144   0.0313951
52.5276   0.0307952
52.6408   0.0278953
52.754   0.0282751
52.8672   0.0280483
52.9804   0.0280188
53.0937   0.0276109
53.2069   0.0282043
53.3201   0.0282668
53.4333   0.0257914
53.5465   0.02669
53.6597   0.0271603
53.7729   0.0267622
53.8861   0.0252663
53.9993   0.0262158
54.1125   0.026293
54.2257   0.0273457
54.3389   0.0257288
54.4521   0.0268674
54.5653   0.026732
54.6785   0.0262253
54.7917   0.0269026
54.9049   0.0277939
55.0182   0.0290749
55.1314   0.0296456
55.2446   0.0285018
55.3578   0.0273665
55.471   0.02853
55.5842   0.0282848
55.6974   0.0293345
55.8106   0.0302513
55.9238   0.031034
56.037   0.0320638
56.1502   0.0332638
56.2634   0.0337025
56.3766   0.0322322
56.4898   0.0314845
56.603   0.0297498
56.7162   0.0306301
56.8295   0.0311075
56.9427   0.031505
57.0559   0.0295376
57.1691   0.0299064
57.2823   0.0290497
57.3955   0.0270526
57.5087   0.027454
57.6219   0.0263841
57.7351   0.0266101
57.8483   0.0242694
57.9615   0.0233704
58.0747   0.0239096
58.1879   0.0232282
58.3011   0.0230232
58.4143   0.0211883
58.5275   0.0203878
58.6407   0.0186334
58.754   0.0174889
58.8672   0.016063
58.9804   0.0171167
59.0936   0.0184682
59.2068   0.0173943
59.32   0.0179487
59.4332   0.0194725
59.5464   0.0201244
59.6596   0.0217329
59.7728   0.0229384
59.886   0.0213815
59.9992   0.0204383
60.1124   0.0208411
60.2256   0.0193118
60.3388   0.0209081
60.452   0.0228243
60.5653   0.0245267
60.6785   0.0265321
60.7917   0.0284861
60.9049   0.0280202
61.0181   0.0297573
61.1313   0.0298518
61.2445   0.0307907
61.3577   0.0323927
61.4709   0.0336779
61.5841   0.0352993
61.6973   0.0347424
61.8105   0.034984
61.9237   0.0347271
62.0369   0.0335849
62.1501   0.0325241
62.2633   0.0326043
62.3766   0.0323285
62.4898   0.0297134
62.603   0.0284175
62.7162   0.0280826
62.8294   0.0288062
62.9426   0.0296604
63.0558   0.0295483
63.169   0.0275821
63.2822   0.027224
63.3954   0.0246224
63.5086   0.0250172
63.6218   0.0256736
63.735   0.0247422
63.8482   0.0234736
63.9614   0.0228066
64.0746   0.0220686
64.1878   0.0218321
64.3011   0.0217529
64.4143   0.018939
64.5275   0.0162594
64.6407   0.0160913
64.7539   0.0173735
64.8671   0.0187791
64.9803   0.0200795
65.0935   0.0190409
65.2067   0.0169561
65.3199   0.0185562
65.4331   0.0183706
65.5463   0.0180495
65.6595   0.0181008
65.7727   0.0176027
65.8859   0.0165964
65.9991   0.0185106
66.1124   0.0196822
66.2256   0.0217661
66.3388   0.0239342
66.452   0.0260329
66.5652   0.0252053
66.6784   0.0256603
66.7916   0.0260571
66.9048   0.0271539
67.018   0.0288033
67.1312   0.0307156
67.2444   0.0324829
67.3576   0.0333929
67.4708   0.0317045
67.584   0.0321489
67.6972   0.0306889
67.8104   0.031552
67.9236   0.031587
68.0369   0.0301876
68.1501   0.0313742
68.2633   0.0325606
68.3765   0.0329939
68.4897   0.0338388
68.6029   0.0340042
68.7161   0.0347423
68.8293   0.0353674
68.9425   0.0349354
69.0557   0.0335317
69.1689   0.0343258
69.2821   0.0344993
69.3953   0.034448
69.5085   0.03381
69.6217   0.0331303
69.7349   0.0315215
69.8482   0.0312552
69.9614   0.0317239
70.0746   0.0285844
70.1878   0.0290409
70.301   0.0290517
70.4142   0.0295951
70.5274   0.0303046
70.6406   0.0281424
70.7538   0.0269742
70.867   0.0268724
70.9802   0.0261839
71.0934   0.0262975
71.2066   0.0267271
71.3198   0.0240753
71.433   0.0245094
71.5462   0.0225773
71.6594   0.0203123
71.7727   0.0194774
71.8859   0.0200471
71.9991   0.021192
72.1123   0.0224401
72.2255   0.0221435
72.3387   0.0232409
72.4519   0.024713
72.5651   0.0261657
72.6783   0.0274116
72.7915   0.0251469
72.9047   0.0256567
73.0179   0.0261408
73.1311   0.0275312
73.2443   0.0276444
73.3575   0.0282727
73.4707   0.0293765
73.584   0.0302162
73.6972   0.0300722
73.8104   0.0304557
73.9236   0.0309734
74.0368   0.0320896
74.15   0.0313727
74.2632   0.0289986
74.3764   0.0298345
74.4896   0.0285227
74.6028   0.027636
74.716   0.0285021
74.8292   0.0295841
74.9424   0.0299519
75.0556   0.0305592
75.1688   0.0311417
75.282   0.0314846
75.3952   0.032415
75.5085   0.0334802
75.6217   0.0338601
75.7349   0.0313358
75.8481   0.032025
75.9613   0.0322094
76.0745   0.0313342
76.1877   0.0318574
76.3009   0.0303482
76.4141   0.028167
76.5273   0.028878
76.6405   0.0295497
76.7537   0.0303864
76.8669   0.0297343
76.9801   0.0277818
77.0933   0.0285442
77.2065   0.029372
77.3198   0.0288957
77.433   0.0284884
77.5462   0.0288941
77.6594   0.0285702
77.7726   0.0294424
77.8858   0.0304143
77.999   0.0313116
78.1122   0.0316522
78.2254   0.0300948
78.3386   0.0309752
78.4518   0.0308787
78.565   0.0292781
78.6782   0.0291341
78.7914   0.0270469
78.9046   0.0272359
79.0178   0.0277144
79.1311   0.0281228
79.2443   0.025502
79.3575   0.0249864
79.4707   0.0247116
79.5839   0.025592
79.6971   0.0265113
79.8103   0.0268203
79.9235   0.0264744
80.0367   0.027582
80.1499   0.0283154
80.2631   0.0286905
80.3763   0.0298846
80.4895   0.0311385
80.6027   0.0307904
80.7159   0.0319436
80.8291   0.0331603
80.9423   0.0323487
81.0556   0.0332919
81.1688   0.034401
81.282   0.0329176
81.3952   0.0333194
81.5084   0.0305436
81.6216   0.031015
81.7348   0.0277417
81.848   0.0247329
81.9612   0.0231531
82.0744   0.0230995
82.1876   0.023012
82.3008   0.0238132
82.414   0.0246879
82.5272   0.0257629
82.6404   0.0237042
82.7536   0.0242069
82.8669   0.0253336
82.9801   0.0249633
83.0933   0.0235359
83.2065   0.0222133
83.3197   0.0230635
83.4329   0.0243241
83.5461   0.0234744
83.6593   0.021757
83.7725   0.0221747
83.8857   0.019785
83.9989   0.0211464
84.1121   0.0197479
84.2253   0.0211186
84.3385   0.0208556
84.4517   0.0193054
84.5649   0.0208193
84.6781   0.0193022
84.7914   0.0194359
84.9046   0.0197897
85.0178   0.0212122
85.131   0.022072
85.2442   0.0234257
85.3574   0.0252692
85.4706   0.0235112
85.5838   0.0227813
85.697   0.0232679
85.8102   0.0216076
85.9234   0.0208779
86.0366   0.0223878
86.1498   0.0241646
86.263   0.0260154
86.3762   0.0239957
86.4894   0.02521
86.6027   0.0249777
86.7159   0.0260203
86.8291   0.0256251
86.9423   0.0254472
87.0555   0.0238404
87.1687   0.0244347
87.2819   0.026023
87.3951   0.0275618
87.5083   0.029219
87.6215   0.0289943
87.7347   0.0300579
87.8479   0.0293027
87.9611   0.0307323
88.0743   0.0297639
88.1875   0.0310919
88.3007   0.0324905
88.4139   0.0324795
88.5272   0.0330647
88.6404   0.0336914
88.7536   0.0339747
88.8668   0.0346071
88.98   0.0357218
89.0932   0.0364681
89.2064   0.033529
89.3196   0.034362
89.4328   0.0314854
89.546   0.0313895
89.6592   0.0315727
89.7724   0.0282285
89.8856   0.0277345
89.9988   0.0259756
90.112   0.0261534
90.2252   0.026656
90.3385   0.0274062
90.4517   0.0282559
90.5649   0.0291853
90.6781   0.0287472
90.7913   0.0286917
90.9045   0.0268459
91.0177   0.0264198
91.1309   0.0263268
91.2441   0.0264434
91.3573   0.0273472
91.4705   0.025128
91.5837   0.0260741
91.6969   0.0266913
91.8101   0.0249979
91.9233   0.0246617
92.0365   0.0256868
92.1497   0.0267139
92.263   0.0265954
92.3762   0.0240175
92.4894   0.0249298
92.6026   0.0261812
92.7158   0.0237151
92.829   0.0249404
92.9422   0.0227007
93.0554   0.0207191
93.1686   0.0216252
93.2818   0.022926
93.395   0.0218978
93.5082   0.0227397
93.6214   0.0213749
93.7346   0.0195752
93.8478   0.0209832
93.961   0.0206638
94.0743   0.0196895
94.1875   0.0196486
94.3007   0.0205197
94.4139   0.0217687
94.5271   0.0221276
94.6403   0.02382
94.7535   0.0235106
94.8667   0.0244157
94.9799   0.0229373
95.0931   0.0225571
95.2063   0.0241734
95.3195   0.0228759
95.4327   0.024001
95.5459   0.0232098
95.6591   0.0249162
95.7723   0.024866
95.8856   0.0257805
95.9988   0.0234515
96.112   0.0249847
96.2252   0.025148
96.3384   0.0243293
96.4516   0.0247391
96.5648   0.0232028
96.678   0.0230855
96.7912   0.0244076
96.9044   0.0260249
97.0176   0.0276965
97.1308   0.0287424
97.244   0.0286271
97.3572   0.0282449
97.4704   0.027096
97.5836   0.0285418
97.6968   0.0295545
97.8101   0.0309939
97.9233   0.0311824
98.0365   0.0322997
98.1497   0.0329284
98.2629   0.0342825
98.3761   0.0356023
98.4893   0.035805
98.6025   0.0368471
98.7157   0.0369755
98.8289   0.034436
98.9421   0.0347265
99.0553   0.0354905
99.1685   0.0361184
99.2817   0.0366383
99.3949   0.0338288
99.5081   0.0325487
99.6214   0.0327254
99.7346   0.0324264
99.8478   0.0329551
99.961   0.0332088
100.074   0.0335495
100.187   0.0333066
100.301   0.0335725
100.414   0.031326
100.527   0.0313317
100.64   0.0318324
100.753   0.0313394
100.867   0.0317061
100.98   0.0322447
101.093   0.0328593
101.206   0.0309275
101.319   0.0296847
101.433   0.0300849
101.546   0.0286849
101.659   0.0292486
101.772   0.0280483
101.885   0.0285715
101.999   0.0272216
102.112   0.0255294
102.225   0.0262319
102.338   0.0269948
102.452   0.0259321
102.565   0.026576
102.678   0.0255499
102.791   0.0247645
102.904   0.0222807
103.018   0.0221631
103.131   0.0219988
103.244   0.0229363
103.357   0.024073
103.47   0.0248128
103.584   0.0241573
103.697   0.0245962
103.81   0.0251973
103.923   0.0240587
104.036   0.0225329
104.15   0.0221205
104.263   0.0213651
104.376   0.0207124
104.489   0.0211737
104.602   0.0196756
104.716   0.0207277
104.829   0.0186633
104.942   0.0160812
105.055   0.0161663
105.168   0.0149087
105.282   0.0125182
105.395   0.0137379
105.508   0.0154835
105.621   0.016528
105.734   0.018406
105.848   0.0205867
105.961   0.0213992
106.074   0.0213968
106.187   0.0232962
106.301   0.0255524
106.414   0.0275708
106.527   0.0288973
106.64   0.0297889
106.753   0.0317285
106.867   0.0315034
106.98   0.0324383
107.093   0.0305194
107.206   0.0285461
107.319   0.0299245
107.433   0.0311346
107.546   0.032517
107.659   0.0316368
107.772   0.0316402
107.885   0.0299635
107.999   0.0295779
108.112   0.0288923
108.225   0.0298629
108.338   0.0298733
108.451   0.0274044
108.565   0.0271788
108.678   0.0275942
108.791   0.0282511
108.904   0.0293194
109.017   0.0303245
109.131   0.029086
109.244   0.0285847
109.357   0.0277117
109.47   0.0279204
109.583   0.0287871
109.697   0.028882
109.81   0.0294485
109.923   0.0297937
110.036   0.0299576
110.15   0.030598
110.263   0.031525
110.376   0.0315215
110.489   0.032432
110.602   0.030894
110.716   0.0297681
110.829   0.0306356
110.942   0.0315699
111.055   0.0315837
111.168   0.032524
111.282   0.0330368
111.395   0.031866
111.508   0.031658
111.621   0.0285296
111.734   0.0280436
111.848   0.0278944
111.961   0.0286751
112.074   0.0295279
112.187   0.0287167
112.3   0.0293433
112.414   0.0272845
112.527   0.027639
112.64   0.0278847
112.753   0.0271963
112.866   0.0275528
112.98   0.0274371
113.093   0.0267319
113.206   0.0253954
113.319   0.0263242
113.432   0.0273898
113.546   0.0284397
113.659   0.0294828
113.772   0.0273428
113.885   0.0245165
113.999   0.0254071
114.112   0.0259441
114.225   0.024485
114.338   0.0225244
114.451   0.0218866
114.565   0.0227621
114.678   0.0220736
114.791   0.0224683
114.904   0.0238052
115.017   0.0227036
115.131   0.0228797
115.244   0.0234083
115.357   0.0244468
115.47   0.0254615
115.583   0.025695
115.697   0.0272778
115.81   0.0288921
115.923   0.0305231
116.036   0.0312932
116.149   0.0288854
116.263   0.029339
116.376   0.0304343
116.489   0.0314266
116.602   0.0314925
116.715   0.0327779
116.829   0.0340878
116.942   0.0350002
117.055   0.0357908
117.168   0.0362587
117.281   0.0368033
117.395   0.0346985
117.508   0.035282
117.621   0.0335987
117.734   0.034237
117.848   0.032311
117.961   0.031803
118.074   0.0317243
118.187   0.0293234
118.3   0.0296879
118.414   0.0276838
118.527   0.0271189
118.64   0.0263718
118.753   0.0245333
118.866   0.0242651
118.98   0.0241328
119.093   0.0242126
119.206   0.0250973
119.319   0.0260855
119.432   0.0268189
119.546   0.027388
119.659   0.0285091
119.772   0.0290984
119.885   0.0264723
119.998   0.0274887
120.112   0.0286648
120.225   0.0262086
120.338   0.0240219
120.451   0.0224754
120.564   0.0232622
120.678   0.0244018
120.791   0.0255144
120.904   0.0267375
121.017   0.0267569
121.131   0.026752
121.244   0.0277306
121.357   0.0289975
121.47   0.0287003
121.583   0.0299843
121.697   0.0310283
121.81   0.0313091
121.923   0.0315116
122.036   0.0320854
122.149   0.0326764
122.263   0.0338555
122.376   0.0345797
122.489   0.0325398
122.602   0.0322126
122.715   0.0331541
122.829   0.0327305
122.942   0.0325774
123.055   0.030906
123.168   0.0314889
123.281   0.0288685
123.395   0.0294129
123.508   0.0300656
123.621   0.0275923
123.734   0.0270315
123.847   0.0257897
123.961   0.0255598
124.074   0.0232538
124.187   0.0209719
124.3   0.0216566
124.413   0.0212042
124.527   0.0203759
124.64   0.0210554
124.753   0.0211872
124.866   0.019862
124.98   0.020228
125.093   0.021609
125.206   0.0215817
125.319   0.0210731
125.432   0.0209833
125.546   0.0225689
125.659   0.0221163
125.772   0.0236852
125.885   0.0254002
125.998   0.0267907
126.112   0.0267892
126.225   0.0272907
126.338   0.0267922
126.451   0.0282154
126.564   0.0296804
126.678   0.0312367
126.791   0.0319012
126.904   0.0312202
127.017   0.0302319
127.13   0.0308622
127.244   0.0285308
127.357   0.0290262
127.47   0.0302232
127.583   0.0308658
127.696   0.0318656
127.81   0.0291457
127.923   0.029206
128.036   0.0302475
128.149   0.0310153
128.262   0.0319322
128.376   0.0328428
128.489   0.0310117
128.602   0.0319274
128.715   0.0329318
128.829   0.0338749
128.942   0.034882
129.055   0.0357599
129.168   0.0344594
129.281   0.0334869
129.395   0.0304081
129.508   0.0309786
129.621   0.0303691
129.734   0.029891
129.847   0.0289498
129.961   0.0275028
130.074   0.0262822
130.187   0.0268911
130.3   0.0276393
130.413   0.0273953
130.527   0.0258218
130.64   0.0249553
130.753   0.0245057
130.866   0.0245511
130.979   0.0230695
131.093   0.0225862
131.206   0.021312
131.319   0.0215015
131.432   0.0208917
131.545   0.0183167
131.659   0.0194927
131.772   0.0207099
131.885   0.0215349
131.998   0.0228195
132.111   0.0234298
132.225   0.025091
132.338   0.0267549
132.451   0.0282285
132.564   0.0288452
132.678   0.0285496
132.791   0.0301776
132.904   0.0313434
133.017   0.0329397
133.13   0.0306761
133.244   0.0320506
133.357   0.0334214
133.47   0.0324079
133.583   0.0336564
133.696   0.0340475
133.81   0.0329257
133.923   0.0311773
134.036   0.0319839
134.149   0.0319462
134.262   0.030062
134.376   0.0307565
134.489   0.0301403
134.602   0.0286478
134.715   0.0285731
134.828   0.0262396
134.942   0.0264636
135.055   0.0242865
135.168   0.0250576
135.281   0.0252822
135.394   0.0259364
135.508   0.0269109
135.621   0.0268539
135.734   0.0279312
135.847   0.0291232
135.961   0.0264875
136.074   0.0266404
136.187   0.0237358
136.3   0.0239848
136.413   0.0225589
136.527   0.0207167
136.64   0.0214255
136.753   0.0205742
136.866   0.0197298
136.979   0.0209029
137.093   0.0202619
137.206   0.0202961
137.319   0.0215881
137.432   0.0210098
137.545   0.0224553
137.659   0.0216893
137.772   0.021942
137.885   0.0206504
137.998   0.0223083
138.111   0.0237537
138.225   0.0244587
138.338   0.0244628
138.451   0.0262511
138.564   0.0251718
138.677   0.0265336
138.791   0.0250549
138.904   0.026698
139.017   0.0279056
139.13   0.026701
139.243   0.0282471
139.357   0.0271136
139.47   0.0284798
139.583   0.0289135
139.696   0.0302798
139.81   0.0283365
139.923   0.0269014
140.036   0.0258389
140.149   0.0234976
140.262   0.0207774
140.376   0.0191616
140.489   0.0178274
140.602   0.0184719
140.715   0.0179878
140.828   0.0193749
140.942   0.0206833
141.055   0.0193993
141.168   0.0179777
141.281   0.0173271
141.394   0.0154986
141.508   0.0160909
141.621   0.0173873
141.734   0.0186348
141.847   0.020326
141.96   0.0218161
142.074   0.0215786
142.187   0.021786
142.3   0.0199203
142.413   0.0205589
142.526   0.0217388
142.64   0.0222885
142.753   0.0238496
142.866   0.025855
142.979   0.0271236
143.092   0.0281017
143.206   0.0297237
143.319   0.0316997
143.432   0.0334374
143.545   0.0314453
143.659   0.033055
143.772   0.0330224
143.885   0.0344669
143.998   0.0355524
144.111   0.0357179
144.225   0.036848
144.338   0.0371158
144.451   0.0374422
144.564   0.0377857
144.677   0.0371482
144.791   0.0358073
144.904   0.0364011
145.017   0.0342911
145.13   0.0342908
145.243   0.032986
145.357   0.0333187
145.47   0.0330404
145.583   0.0333423
145.696   0.030224
145.809   0.0297652
145.923   0.0301916
146.036   0.0267459
146.149   0.0250873
146.262   0.0249254
146.375   0.0220738
146.489   0.0226179
146.602   0.0224311
146.715   0.0231838
146.828   0.0232345
146.941   0.0234733
147.055   0.0245561
147.168   0.022716
147.281   0.0217828
147.394   0.0226794
147.508   0.0202482
147.621   0.0200349
147.734   0.018447
147.847   0.0183118
147.96   0.0193726
148.074   0.0207789
148.187   0.0224244
148.3   0.0219422
148.413   0.0236646
148.526   0.0249241
148.64   0.0239825
148.753   0.0257066
148.866   0.0272222
148.979   0.0285045
149.092   0.0287037
149.206   0.0296369
149.319   0.0290953
149.432   0.0285836
149.545   0.0299424
149.658   0.0302393
149.772   0.0305698
149.885   0.0319907
149.998   0.0333629
150.111   0.0324145
150.224   0.0336932
150.338   0.0342174
150.451   0.0353149
150.564   0.0349354
150.677   0.0352445
150.79   0.0360882
150.904   0.0350645
151.017   0.0353201
151.13   0.0347857
151.243   0.0347118
151.357   0.0336998
151.47   0.0333502
151.583   0.033861
151.696   0.0343963
151.809   0.0317565
151.923   0.0317558
152.036   0.0300822
152.149   0.0299385
152.262   0.0303172
152.375   0.0277906
152.489   0.0282376
152.602   0.0287856
152.715   0.0264594
152.828   0.0254772
152.941   0.0261514
153.055   0.0255179
153.168   0.025533
153.281   0.0231823
153.394   0.0205926
153.507   0.0209652
153.621   0.0179042
153.734   0.0185114
153.847   0.0186655
153.96   0.0196105
154.073   0.0189904
154.187   0.0204046
154.3   0.0216202
154.413   0.0225713
154.526   0.0238143
154.64   0.0243578
154.753   0.025797
154.866   0.0234885
154.979   0.0239484
155.092   0.0242462
155.206   0.0259145
155.319   0.0276395
155.432   0.0280974
155.545   0.0292728
155.658   0.0273362
155.772   0.0272148
155.885   0.0262413
155.998   0.0236554
156.111   0.0232651
156.224   0.022135
156.338   0.0222661
156.451   0.0216939
156.564   0.0207623
156.677   0.0220216
156.79   0.0213798
156.904   0.0208105
157.017   0.0214922
157.13   0.0215599
157.243   0.0231754
157.356   0.0225018
157.47   0.0228792
157.583   0.0233247
157.696   0.0245236
157.809   0.024
157.922   0.0252
158.036   0.0262995
158.149   0.02806
158.262   0.0287854
158.375   0.0291696
158.489   0.0305594
158.602   0.0316462
158.715   0.0313505
158.828   0.0328588
158.941   0.0343499
159.055   0.0357307
159.168   0.0369031
159.281   0.0351305
159.394   0.0335245
159.507   0.0315859
159.621   0.0301842
159.734   0.0297088
159.847   0.0296981
159.96   0.0299797
160.073   0.0300849
160.187   0.0292043
160.3   0.0288966
160.413   0.0277096
160.526   0.0282961
160.639   0.0283929
160.753   0.025519
160.866   0.0249391
160.979   0.0226917
161.092   0.0216171
161.205   0.0224694
161.319   0.0220795
161.432   0.0194239
161.545   0.0183128
161.658   0.0185654
161.771   0.0160639
161.885   0.0167227
161.998   0.0179114
162.111   0.0190489
162.224   0.0166651
162.338   0.0176839
162.451   0.0187575
162.564   0.0199258
162.677   0.0218159
162.79   0.0236962
162.904   0.0220713
163.017   0.0238752
163.13   0.0234986
163.243   0.025009
163.356   0.0259476
163.47   0.0278991
163.583   0.0279475
163.696   0.0298229
163.809   0.030983
163.922   0.0310237
164.036   0.0300164
164.149   0.0303478
164.262   0.0309629
164.375   0.029832
164.488   0.0309202
164.602   0.0322562
164.715   0.0328261
164.828   0.0340744
164.941   0.0353492
165.054   0.035063
165.168   0.0360078
165.281   0.0369594
165.394   0.037367
165.507   0.0359166
165.62   0.0365658
165.734   0.0362946
165.847   0.0347796
165.96   0.0353936
166.073   0.0359532
166.187   0.034
166.3   0.0303958
166.413   0.0294976
166.526   0.0266591
166.639   0.0268092
166.753   0.0241926
166.866   0.021502
166.979   0.0210743
167.092   0.0193773
167.205   0.0197584
167.319   0.0205587
167.432   0.0176604
167.545   0.0186231
167.658   0.0176425
167.771   0.0186624
167.885   0.0177404
167.998   0.0189037
168.111   0.0204285
168.224   0.020686
168.337   0.0195272
168.451   0.0212164
168.564   0.0202497
168.677   0.0220189
168.79   0.0215324
168.903   0.0227172
169.017   0.0245029
169.13   0.0238997
169.243   0.0239271
169.356   0.0234605
169.47   0.0248904
169.583   0.0267261
169.696   0.0285939
169.809   0.0283345
169.922   0.0301163
170.036   0.0295801
170.149   0.0303024
170.262   0.0314002
170.375   0.0298902
170.488   0.0312881
170.602   0.0288374
170.715   0.0301118
170.828   0.0313204
170.941   0.0320307
171.054   0.0333165
171.168   0.0343988
171.281   0.0346073
171.394   0.0345667
171.507   0.0330217
171.62   0.0329252
171.734   0.0337573
171.847   0.0313359
171.96   0.0309276
172.073   0.0301181
172.186   0.0277428
172.3   0.0264565
172.413   0.0232051
172.526   0.021985
172.639   0.0225981
172.752   0.0217409
172.866   0.0225803
172.979   0.0235912
173.092   0.0228403
173.205   0.0230344
173.319   0.0217646
173.432   0.0208634
173.545   0.0220287
173.658   0.021159
173.771   0.0214515
173.885   0.0206221
173.998   0.0196633
174.111   0.0172811
174.224   0.0179737
174.337   0.0181566
174.451   0.0185393
174.564   0.0200883
174.677   0.0219132
174.79   0.0236514
174.903   0.0224339
175.017   0.0213849
175.13   0.022979
175.243   0.0245642
175.356   0.0235554
175.469   0.0248776
175.583   0.0233853
175.696   0.0221424
175.809   0.0216901
175.922   0.0223705
176.035   0.0238452
176.149   0.0245553
176.262   0.0261327
176.375   0.0279351
176.488   0.0296888
176.601   0.0302618
176.715   0.0320432
176.828   0.032905
176.941   0.0343096
177.054   0.0359321
177.168   0.035748
177.281   0.0342891
177.394   0.0338807
177.507   0.0340715
177.62   0.034523
177.734   0.0348521
177.847   0.0343322
177.96   0.0341659
178.073   0.0317181
178.186   0.0307549
178.3   0.0301195
178.413   0.0306068
178.526   0.030109
178.639   0.030828
178.752   0.0311164
178.866   0.0312086
178.979   0.0319046
179.092   0.0327294
179.205   0.0298643
179.318   0.0283791
179.432   0.0288846
179.545   0.0281991
179.658   0.028427
179.771   0.027451
179.884   0.026347
179.998   0.0263685
180.111   0.025935
180.224   0.0256983
180.337   0.0266003
180.45   0.0247545
180.564   0.0247078
180.677   0.0244112
180.79   0.0254504
180.903   0.0234573
181.017   0.0233423
181.13   0.0240632
181.243   0.0246316
181.356   0.0242005
181.469   0.0233886
181.583   0.0246531
181.696   0.0259171
181.809   0.0268725
181.922   0.0271129
182.035   0.0261093
182.149   0.026878
182.262   0.0282729
182.375   0.0294497
182.488   0.0270198
182.601   0.0283274
182.715   0.0270265
182.828   0.0260505
182.941   0.0267857
183.054   0.0266651
183.167   0.027091
183.281   0.0265603
183.394   0.0267634
183.507   0.0243173
183.62   0.0226969
183.733   0.0237947
183.847   0.0248779
183.96   0.02399
184.073   0.0227361
184.186   0.0238215
184.299   0.0221472
184.413   0.020749
184.526   0.0207278
184.639   0.020897
184.752   0.0222127
184.866   0.0235803
184.979   0.024844
185.092   0.026442
185.205   0.0261841
185.318   0.0269537
185.432   0.0281774
185.545   0.0285019
185.658   0.0287199
185.771   0.0301501
185.884   0.0316175
185.998   0.031673
186.111   0.032266
186.224   0.0335022
186.337   0.0322139
186.45   0.0323863
186.564   0.0307814
186.677   0.031864
186.79   0.0329627
186.903   0.034066
187.016   0.0351357
187.13   0.0325981
187.243   0.030811
187.356   0.0315205
187.469   0.0323368
187.582   0.030529
187.696   0.030619
187.809   0.0308832
187.922   0.0309517
188.035   0.0315825
188.149   0.0317201
188.262   0.0323048
188.375   0.0316868
188.488   0.0321362
188.601   0.032702
188.715   0.0334905
188.828   0.0343288
188.941   0.0346272
189.054   0.0354308
189.167   0.0356037
189.281   0.0356881
189.394   0.0335753
189.507   0.0336564
189.62   0.0340214
189.733   0.0341468
189.847   0.0347283
189.96   0.0345874
190.073   0.0331246
190.186   0.0331477
190.299   0.0318812
190.413   0.0321915
190.526   0.0307095
190.639   0.0301648
190.752   0.0283988
190.865   0.0271716
190.979   0.0258014
191.092   0.0262516
191.205   0.0248254
191.318   0.0249019
191.431   0.0251091
191.545   0.0231126
191.658   0.0235129
191.771   0.0239666
191.884   0.0246848
191.998   0.0230325
192.111   0.0238592
192.224   0.024313
192.337   0.021915
192.45   0.0211825
192.564   0.0218993
192.677   0.0229863
192.79   0.0243978
192.903   0.025154
193.016   0.0266818
193.13   0.0257563
193.243   0.0270488
193.356   0.0278337
193.469   0.0269229
193.582   0.0280052
193.696   0.0274601
193.809   0.0276728
193.922   0.0283738
194.035   0.0292255
194.148   0.0304345
194.262   0.0295439
194.375   0.0308216
194.488   0.0320891
194.601   0.0299937
194.714   0.0307611
194.828   0.0317088
194.941   0.032751
195.054   0.0312703
195.167   0.030279
195.28   0.0308697
195.394   0.0302929
195.507   0.0304913
195.62   0.0312147
195.733   0.0285656
195.847   0.0292676
195.96   0.0301025
196.073   0.0309766
196.186   0.0289093
196.299   0.0297734
196.413   0.0304109
196.526   0.0313156
196.639   0.0290008
196.752   0.0292498
196.865   0.0296974
196.979   0.0305678
197.092   0.0304843
197.205   0.0291504
197.318   0.0273386
197.431   0.028173
197.545   0.0289876
197.658   0.02956
197.771   0.0305505
197.884   0.0312157
197.997   0.0314039
198.111   0.0323612
198.224   0.0326615
198.337   0.0323874
198.45   0.0332896
198.563   0.0332688
198.677   0.0331615
198.79   0.03152
198.903   0.0316571
199.016   0.0316625
199.129   0.0296096
199.243   0.028943
199.356   0.0283092
199.469   0.0286653
199.582   0.0286409
199.696   0.0292538
199.809   0.0287907
199.922   0.0285885
200.035   0.0294582
200.148   0.0294485
200.262   0.0302146
200.375   0.0308192
200.488   0.0296866
200.601   0.03055
200.714   0.030436
200.828   0.0306616
200.941   0.0312401
201.054   0.0321227
201.167   0.0315307
201.28   0.0319522
201.394   0.0309861
201.507   0.0317825
201.62   0.0326757
201.733   0.032826
201.846   0.0337159
201.96   0.0308381
202.073   0.0280505
202.186   0.0256685
202.299   0.0261418
202.412   0.0250242
202.526   0.0253719
202.639   0.0257689
202.752   0.025617
202.865   0.0235728
202.979   0.0235004
203.092   0.0213865
203.205   0.021904
203.318   0.0214231
203.431   0.0225398
203.545   0.0238101
203.658   0.0243737
203.771   0.0234944
203.884   0.0242125
203.997   0.0218477
204.111   0.0214185
204.224   0.0222529
204.337   0.0235996
204.45   0.0238588
204.563   0.0249902
204.677   0.0265643
204.79   0.028195
204.903   0.0279759
205.016   0.0266
205.129   0.0277896
205.243   0.0286442
205.356   0.0297839
205.469   0.0277994
205.582   0.0291115
205.695   0.0290566
205.809   0.0303017
205.922   0.0316718
206.035   0.0323777
206.148   0.0326381
206.261   0.0327516
206.375   0.0337596
206.488   0.0341063
206.601   0.0334427
206.714   0.0307419
206.828   0.0316319
206.941   0.0323114
207.054   0.0332263
207.167   0.0312234
207.28   0.0317771
207.394   0.03104
207.507   0.0315522
207.62   0.0297528
207.733   0.0303403
207.846   0.0290392
207.96   0.0294924
208.073   0.0269623
208.186   0.0238102
208.299   0.0236527
208.412   0.0242574
208.526   0.0251065
208.639   0.0257197
208.752   0.024488
208.865   0.0243919
208.978   0.0250286
209.092   0.0260528
209.205   0.027243
209.318   0.0259669
209.431   0.0243273
209.544   0.0251344
209.658   0.0262001
209.771   0.0261502
209.884   0.0250865
209.997   0.0255929
210.11   0.0255686
210.224   0.0264555
210.337   0.027325
210.45   0.0286133
210.563   0.0291459
210.677   0.0281481
210.79   0.0294757
210.903   0.0290125
211.016   0.0291104
211.129   0.0293903
211.243   0.0306355
211.356   0.0300754
211.469   0.0288328
211.582   0.029929
211.695   0.0290095
211.809   0.0290906
211.922   0.0295481
212.035   0.0301446
212.148   0.0306349
212.261   0.0284239
212.375   0.0252976
212.488   0.0260513
212.601   0.0254489
212.714   0.0234325
212.827   0.0242169
212.941   0.0247936
213.054   0.0231843
213.167   0.0206947
213.28   0.0215726
213.393   0.0203661
213.507   0.0200934
213.62   0.0193229
213.733   0.0178759
213.846   0.0187784
213.959   0.0186985
214.073   0.0202583
214.186   0.0200144
214.299   0.0216267
214.412   0.0233335
214.526   0.0251903
214.639   0.0266741
214.752   0.028355
214.865   0.0276772
214.978   0.0287283
215.092   0.0302526
215.205   0.0314172
215.318   0.0309079
215.431   0.0324765
215.544   0.0323834
215.658   0.03386
215.771   0.0333836
215.884   0.0346964
215.997   0.0339645
216.11   0.0349237
216.224   0.0341614
216.337   0.0338426
216.45   0.0317095
216.563   0.0316526
216.676   0.0318789
216.79   0.0325386
216.903   0.0333721
217.016   0.03071
217.129   0.0305389
217.242   0.0308107
217.356   0.0293588
217.469   0.0294239
217.582   0.0281705
217.695   0.0288656
217.808   0.0292606
217.922   0.0297771
218.035   0.0289853
218.148   0.0284992
218.261   0.0290163
218.375   0.0296309
218.488   0.0298073
218.601   0.0287353
218.714   0.0263542
218.827   0.0233515
218.941   0.02412
219.054   0.0229901
219.167   0.0236732
219.28   0.0247019
219.393   0.0245982
219.507   0.0225972
219.62   0.0213572
219.733   0.0199809
219.846   0.0196645
219.959   0.0208504
220.073   0.0214421
220.186   0.019715
220.299   0.0205058
220.412   0.0199088
220.525   0.0204185
220.639   0.0187324
220.752   0.0200778
220.865   0.0216197
220.978   0.019462
221.091   0.0198374
221.205   0.0210387
221.318   0.021149
221.431   0.0228536
221.544   0.0246919
221.658   0.0255552
221.771   0.026916
221.884   0.0287493
221.997   0.0274355
222.11   0.0279397
222.224   0.0267584
222.337   0.0264782
222.45   0.0262534
222.563   0.0269479
222.676   0.028436
222.79   0.0263174
222.903   0.0271832
223.016   0.025266
223.129   0.0265497
223.242   0.0254241
223.356   0.0267194
223.469   0.0279548
223.582   0.0294205
223.695   0.0309058
223.808   0.0297187
223.922   0.0287832
224.035   0.0296583
224.148   0.0309627
224.261   0.0322625
224.374   0.0334749
224.488   0.0347695
224.601   0.0347765
224.714   0.0359426
224.827   0.0370225
224.94   0.0366986
225.054   0.036288
225.167   0.0347933
225.28   0.0335232
225.393   0.030106
225.507   0.0267981
225.62   0.0231938
225.733   0.0225501
225.846   0.0226995
225.959   0.02323
226.073   0.0225549
226.186   0.0233547
226.299   0.0234791
226.412   0.0239792
226.525   0.0241952
226.639   0.0248545
226.752   0.0246715
226.865   0.0257414
226.978   0.0236036
227.091   0.0248654
227.205   0.0221565
227.318   0.0219524
227.431   0.0231845
227.544   0.0212904
227.657   0.0224239
227.771   0.022353
227.884   0.0238221
227.997   0.0224903
228.11   0.0240087
228.223   0.0236937
228.337   0.0222613
228.45   0.0227646
228.563   0.0205938
228.676   0.0205799
228.789   0.0215229
228.903   0.0227708
229.016   0.0216395
229.129   0.0216945
229.242   0.0220863
229.356   0.0226519
229.469   0.0243886
229.582   0.0246135
229.695   0.0233006
229.808   0.0230288
229.922   0.0233381
230.035   0.0221259
230.148   0.0228136
230.261   0.0234989
230.374   0.0247942
230.488   0.026413
230.601   0.0263219
230.714   0.0280549
230.827   0.0295137
230.94   0.0287049
231.054   0.030014
231.167   0.0308018
231.28   0.0314396
231.393   0.0329445
231.506   0.0305898
231.62   0.0303715
231.733   0.0312266
231.846   0.0324758
231.959   0.0334578
232.072   0.0325505
232.186   0.0317187
232.299   0.0308226
232.412   0.0279098
232.525   0.0258496
232.638   0.0255849
232.752   0.0242151
232.865   0.0219146
232.978   0.0205124
233.091   0.020994
233.205   0.0219849
233.318   0.0230825
233.431   0.0240844
233.544   0.0230216
233.657   0.0239167
233.771   0.0233271
233.884   0.0228599
233.997   0.0216292
234.11   0.0192249
234.223   0.0203025
234.337   0.0213554
234.45   0.0209906
234.563   0.0219262
234.676   0.0235683
234.789   0.0250226
234.903   0.0267644
235.016   0.0252152
235.129   0.0268209
235.242   0.0273212
235.355   0.0264596
235.469   0.0280602
235.582   0.026487
235.695   0.02496
235.808   0.026341
235.921   0.0266179
236.035   0.0280606
236.148   0.0282765
236.261   0.0297578
236.374   0.0282915
236.488   0.0292323
236.601   0.0297233
236.714   0.0310261
236.827   0.0313144
236.94   0.0309528
237.054   0.0303225
237.167   0.0302657
237.28   0.0309229
237.393   0.0319513
237.506   0.0317993
237.62   0.0324152
237.733   0.033511
237.846   0.0337552
237.959   0.0348048
238.072   0.0334007
238.186   0.0343117
238.299   0.0342094
238.412   0.0317934
238.525   0.0318013
238.638   0.0297765
238.752   0.0293582
238.865   0.0282346
238.978   0.0258368
239.091   0.0263841
239.204   0.0257633
239.318   0.0264404
239.431   0.0245729
239.544   0.0251404
239.657   0.0250854
239.77   0.0231939
239.884   0.0212426
239.997   0.021878
240.11   0.0228095
240.223   0.0236463
240.337   0.0243741
240.45   0.0233811
240.563   0.021961
240.676   0.0205585
240.789   0.0195995
240.903   0.0172606
241.016   0.0171429
241.129   0.0172457
241.242   0.017671
241.355   0.0165942
241.469   0.0178004
241.582   0.0160466
241.695   0.0166911
241.808   0.0178454
241.921   0.0192407
242.035   0.0201321
242.148   0.0187515
242.261   0.0204593
242.374   0.0223183
242.487   0.0231245
242.601   0.0229013
242.714   0.0212228
242.827   0.020578
242.94   0.02251
243.053   0.0234102
243.167   0.0232578
243.28   0.0247513
243.393   0.0233874
243.506   0.0228413
243.619   0.0238336
243.733   0.0247237
243.846   0.0242729
243.959   0.026084
244.072   0.0277838
244.186   0.0296212
244.299   0.0314577
244.412   0.0325834
244.525   0.0338744
244.638   0.0354839
244.752   0.0370214
244.865   0.0384485
244.978   0.0393471
245.091   0.0399751
245.204   0.0411436
245.318   0.0418204
245.431   0.0397072
245.544   0.0403032
245.657   0.0404077
245.77   0.0392246
245.884   0.0364888
245.997   0.0367924
246.11   0.0364619
246.223   0.0366444
246.336   0.0353898
246.45   0.0337593
246.563   0.030417
246.676   0.0295418
246.789   0.0263101
246.902   0.0263098
247.016   0.0257178
247.129   0.0259116
247.242   0.024679
247.355   0.0251607
247.468   0.0240898
247.582   0.0243261
247.695   0.0210367
247.808   0.0202923
247.921   0.0182863
248.035   0.0178222
248.148   0.0180324
248.261   0.0188423
248.374   0.0197845
248.487   0.0211202
248.601   0.0216474
248.714   0.0230767
248.827   0.0247533
248.94   0.0232351
249.053   0.0228375
249.167   0.0222571
249.28   0.0225219
249.393   0.0233647
249.506   0.0250305
249.619   0.0259098
249.733   0.0276115
249.846   0.0293789
249.959   0.0309037
250.072   0.0325118
250.185   0.0330851
250.299   0.0331671
250.412   0.0313842
250.525   0.0303711
250.638   0.0310114
250.751   0.0316957
250.865   0.0316613
250.978   0.0323516
251.091   0.0313518
251.204   0.0292734
251.317   0.0290263
251.431   0.029951
251.544   0.0306323
251.657   0.0289656
251.77   0.0262245
251.884   0.0234226
251.997   0.0241394
252.11   0.0249793
252.223   0.0253274
252.336   0.0264
252.45   0.026552
252.563   0.0249337
252.676   0.0236688
252.789   0.0245438
252.902   0.0224935
253.016   0.0232607
253.129   0.0230786
253.242   0.0235089
253.355   0.0248557
253.468   0.0231693
253.582   0.022179
253.695   0.0231421
253.808   0.0235399
253.921   0.0248448
254.034   0.0241738
254.148   0.0256631
254.261   0.0269354
254.374   0.0280275
254.487   0.0280965
254.6   0.0265658
254.714   0.026345
254.827   0.0247136
254.94   0.0239958
255.053   0.0245228
255.167   0.0235976
255.28   0.0218166
255.393   0.0230138
255.506   0.022719
255.619   0.0204942
255.733   0.018352
255.846   0.0193528
255.959   0.0203778
256.072   0.0188565
256.185   0.0203149
256.299   0.0219839
256.412   0.0203876
256.525   0.0196076
256.638   0.0206529
256.751   0.0203228
256.865   0.020444
256.978   0.0222546
257.091   0.0235182
257.204   0.0244143
257.317   0.0262337
257.431   0.0274572
257.544   0.0291603
257.657   0.0282225
257.77   0.0295681
257.883   0.0312459
257.997   0.0309184
258.11   0.0325579
258.223   0.0339266
258.336   0.034898
258.449   0.0322687
258.563   0.032604
258.676   0.0321524
258.789   0.0293744
258.902   0.0280586
259.016   0.0273611
259.129   0.0242845
259.242   0.0239104
259.355   0.0247374
259.468   0.0234779
259.582   0.0242311
259.695   0.0253395
259.808   0.0264937
259.921   0.0276611
260.034   0.0282981
260.148   0.0287232
260.261   0.0298185
260.374   0.0286776
260.487   0.0297811
260.6   0.0301542
260.714   0.029616
260.827   0.0307154
260.94   0.0312567
261.053   0.0318846
261.166   0.0295311
261.28   0.0278396
261.393   0.02734
261.506   0.0281673
261.619   0.028855
261.732   0.0284787
261.846   0.0275723
261.959   0.0284083
262.072   0.0273377
262.185   0.0282425
262.298   0.0287734
262.412   0.0297942
262.525   0.0305041
262.638   0.0304156
262.751   0.0314803
262.865   0.0300251
262.978   0.0296262
263.091   0.0302794
263.204   0.029427
263.317   0.026287
263.431   0.0245234
263.544   0.0253627
263.657   0.0251371
263.77   0.0259874
263.883   0.0270304
263.997   0.0281832
264.11   0.0284353
264.223   0.0271126
264.336   0.0259347
264.449   0.024204
264.563   0.0249165
264.676   0.0252818
264.789   0.0251297
264.902   0.0234449
265.015   0.0224609
265.129   0.0218488
265.242   0.0207555
265.355   0.0218966
265.468   0.0213338
265.581   0.0227149
265.695   0.0239856
265.808   0.0225339
265.921   0.0200073
266.034   0.0188419
266.147   0.0202596
266.261   0.0203837
266.374   0.0198788
266.487   0.0215016
266.6   0.0232404
266.714   0.0241783
266.827   0.0260271
266.94   0.0278793
267.053   0.0285203
267.166   0.0268393
267.28   0.0273484
267.393   0.0286473
267.506   0.0284816
267.619   0.0290937
267.732   0.0288305
267.846   0.0283243
267.959   0.0263713
268.072   0.0271124
268.185   0.028215
268.298   0.028031
268.412   0.0274592
268.525   0.0263797
268.638   0.0276371
268.751   0.0288799
268.864   0.0299124
268.978   0.0278153
269.091   0.0262468
269.204   0.0259794
269.317   0.0261772
269.43   0.0257088
269.544   0.0229788
269.657   0.0233626
269.77   0.0235724
269.883   0.0248195
269.997   0.0258128
270.11   0.0252124
270.223   0.0264008
270.336   0.0276453
270.449   0.0287295
270.563   0.0300224
270.676   0.0310227
270.789   0.032433
270.902   0.0307283
271.015   0.0285643
271.129   0.0290203
271.242   0.0282114
271.355   0.0261776
271.468   0.0255941
271.581   0.0258426
271.695   0.0264441
271.808   0.0266859
271.921   0.0274267
272.034   0.0280092
272.147   0.0253308
272.261   0.0251213
272.374   0.0262472
272.487   0.0259751
272.6   0.0272082
272.713   0.0244774
272.827   0.025658
272.94   0.026844
273.053   0.0266874
273.166   0.0271954
273.279   0.0281648
273.393   0.0256511
273.506   0.0228042
273.619   0.0238079
273.732   0.021091
273.846   0.021951
273.959   0.0231757
274.072   0.0229984
274.185   0.023632
274.298   0.0213221
274.412   0.0224717
274.525   0.0228839
274.638   0.0232166
274.751   0.0219795
274.864   0.0224995
274.978   0.0238386
275.091   0.0235001
275.204   0.0250917
275.317   0.0231501
275.43   0.0243793
275.544   0.0260017
275.657   0.0254945
275.77   0.0231772
275.883   0.0228984
275.996   0.0232799
276.11   0.0230798
276.223   0.023368
276.336   0.0239808
276.449   0.025601
276.562   0.0270774
276.676   0.0265885
276.789   0.0281144
276.902   0.0297743
277.015   0.0308965
277.128   0.0325368
277.242   0.0337279
277.355   0.0331326
277.468   0.0344695
277.581   0.0344968
277.695   0.0326925
277.808   0.0336665
277.921   0.0333397
278.034   0.0336356
278.147   0.0340925
278.261   0.032128
278.374   0.029025
278.487   0.0294044
278.6   0.0267499
278.713   0.0247785
278.827   0.0253447
278.94   0.0253521
279.053   0.0259138
279.166   0.0255105
279.279   0.0258653
279.393   0.0253492
279.506   0.0263778
279.619   0.0255335
279.732   0.0266317
279.845   0.0277449
279.959   0.0285475
280.072   0.0295001
280.185   0.0296826
280.298   0.0296881
280.411   0.0299109
280.525   0.0306732
280.638   0.0284731
280.751   0.0295396
280.864   0.0301499
280.977   0.0306826
281.091   0.0316353
281.204   0.0315383
281.317   0.030408
281.43   0.0280757
281.544   0.0279639
281.657   0.0287153
281.77   0.0293141
281.883   0.0300339
281.996   0.0291832
282.11   0.0297172
282.223   0.0296152
282.336   0.0305623
282.449   0.0315718
282.562   0.0288008
282.676   0.0255756
282.789   0.0251753
282.902   0.0252938
283.015   0.023667
283.128   0.0240677
283.242   0.0249665
283.355   0.0254633
283.468   0.0250563
283.581   0.0256978
283.694   0.0237305
283.808   0.0227006
283.921   0.0236707
284.034   0.023317
284.147   0.0226786
284.26   0.0239295
284.374   0.0226854
284.487   0.0234587
284.6   0.0248074
284.713   0.0263224
284.826   0.0265158
284.94   0.0243359
285.053   0.0254852
285.166   0.0261647
285.279   0.0273522
285.393   0.0268082
285.506   0.027182
285.619   0.0273423
285.732   0.0287238
285.845   0.0297527
285.959   0.0296132
286.072   0.0308107
286.185   0.029848
286.298   0.0300068
286.411   0.0309783
286.525   0.0313018
286.638   0.0318871
286.751   0.0327578
286.864   0.033811
286.977   0.0346777
287.091   0.0355334
287.204   0.0351731
287.317   0.0361255
287.43   0.033974
287.543   0.0334904
287.657   0.0317705
287.77   0.0318599
287.883   0.03144
287.996   0.0295371
288.109   0.0295187
288.223   0.0292875
288.336   0.029877
288.449   0.0304223
288.562   0.0305979
288.676   0.0304752
288.789   0.0295345
288.902   0.0288324
289.015   0.0293465
289.128   0.030166
289.242   0.0304766
289.355   0.0306922
289.468   0.0298857
289.581   0.0307486
289.694   0.0316173
289.808   0.0323937
289.921   0.032541
290.034   0.0297471
290.147   0.0303972
290.26   0.0297991
290.374   0.0269447
290.487   0.026237
290.6   0.0267929
290.713   0.0269262
290.826   0.0277828
290.94   0.0273053
291.053   0.0247571
291.166   0.0235551
291.279   0.0224524
291.392   0.0227979
291.506   0.0234617
291.619   0.0244147
291.732   0.0226175
291.845   0.021743
291.958   0.0222001
292.072   0.01989
292.185   0.0207369
292.298   0.0221012
292.411   0.0232976
292.525   0.0225373
292.638   0.0216181
292.751   0.0228494
292.864   0.0217701
292.977   0.0229428
293.091   0.0245956
293.204   0.0222768
293.317   0.0219555
293.43   0.0212748
293.543   0.0192197
293.657   0.0186836
293.77   0.0177649
293.883   0.0188075
293.996   0.0201774
294.109   0.0217605
294.223   0.0236626
294.336   0.0240027
294.449   0.0255674
294.562   0.0266573
294.675   0.0253231
294.789   0.0268707
294.902   0.0253817
295.015   0.0268147
295.128   0.0281852
295.241   0.029047
295.355   0.0305654
295.468   0.031983
295.581   0.0334092
295.694   0.0343967
295.807   0.0350941
295.921   0.0359194
296.034   0.036972
296.147   0.0365544
296.26   0.0354876
296.374   0.0334201
296.487   0.0342201
296.6   0.0343974
296.713   0.0337572
296.826   0.0343098
296.94   0.0338076
297.053   0.0322069
297.166   0.0320182
297.279   0.0303716
297.392   0.030863
297.506   0.0314677
297.619   0.0304683
297.732   0.0303587
297.845   0.0297499
297.958   0.0291759
298.072   0.0279085
298.185   0.0274338
298.298   0.0274856
298.411   0.0245004
298.524   0.0249947
298.638   0.0228545
298.751   0.02179
298.864   0.0187398
298.977   0.0188937
299.09   0.0192908
299.204   0.0198816
299.317   0.0210329
299.43   0.0224033
299.543   0.0204633
299.656   0.0209092
299.77   0.0223969
299.883   0.0198935
299.996   0.01902
300.109   0.0204249
